1: 1[2  3  4  5  6  7  8  9] 2[1  9  8  10  4  3] 3[1  2  4] 4[1  3  2  10  8  7  6  5] 5[1  4  6] 6[1  5  4  7] 7[1  6  4  8] 8[1  7  4  10  2  9] 9[1  8  2] 10[2  8  4]
2: 1[2  3  4  5  6  7  8  9] 2[1  9  8  4  3] 3[1  2  4] 4[1  3  2  8  10  7  6  5] 5[1  4  6] 6[1  5  4  7] 7[1  6  4  10  8] 8[1  7  10  4  2  9] 9[1  8  2] 10[4  8  7]
3: 1[2  3  4  5  6  7  8  9] 2[1  9  8  4  3] 3[1  2  4] 4[1  3  2  8  7  10  6  5] 5[1  4  6] 6[1  5  4  10  7] 7[1  6  10  4  8] 8[1  7  4  2  9] 9[1  8  2] 10[4  7  6]
4: 1[2  3  4  5  6  7  8  9] 2[1  9  8  10  3] 3[1  2  10  8  7  6  5  4] 4[1  3  5] 5[1  4  3  6] 6[1  5  3  7] 7[1  6  3  8] 8[1  7  3  10  2  9] 9[1  8  2] 10[2  8  3]
5: 1[2  3  4  5  6  7  8  9] 2[1  9  8  3] 3[1  2  8  10  7  6  5  4] 4[1  3  5] 5[1  4  3  6] 6[1  5  3  7] 7[1  6  3  10  8] 8[1  7  10  3  2  9] 9[1  8  2] 10[3  8  7]
6: 1[2  3  4  5  6  7  8  9] 2[1  9  8  3] 3[1  2  8  7  10  6  5  4] 4[1  3  5] 5[1  4  3  6] 6[1  5  3  10  7] 7[1  6  10  3  8] 8[1  7  3  2  9] 9[1  8  2] 10[3  7  6]
7: 1[2  3  4  5  6  7  8  9] 2[1  9  8  3] 3[1  2  8  7  6  10  5  4] 4[1  3  5] 5[1  4  3  10  6] 6[1  5  10  3  7] 7[1  6  3  8] 8[1  7  3  2  9] 9[1  8  2] 10[3  6  5]
8: 1[2  3  4  5  6  7  8  9] 2[1  9  8  3] 3[1  2  8  7  6  5  10  4] 4[1  3  10  5] 5[1  4  10  3  6] 6[1  5  3  7] 7[1  6  3  8] 8[1  7  3  2  9] 9[1  8  2] 10[3  5  4]
9: 1[2  3  4  5  6  7  8  9  10] 2[1  10  9  3] 3[1  2  9  8  7  6  4] 4[1  3  6  5] 5[1  4  6] 6[1  5  4  3  7] 7[1  6  3  8] 8[1  7  3  9] 9[1  8  3  2  10] 10[1  9  2]
10: 1[2  3  4  5  6  7  8  9  10] 2[1  10  6  5  4  3] 3[1  2  4] 4[1  3  2  5] 5[1  4  2  6] 6[1  5  2  10  9  8  7] 7[1  6  8] 8[1  7  6  9] 9[1  8  6  10] 10[1  9  6  2]
11: 1[2  3  4  5  6  7  8  9] 2[1  9  10  3] 3[1  2  10  9  4] 4[1  3  9  5] 5[1  4  9  8  7  6] 6[1  5  7] 7[1  6  5  8] 8[1  7  5  9] 9[1  8  5  4  3  10  2] 10[2  9  3]
12: 1[2  3  4  5  6  7  8  9  10] 2[1  10  3] 3[1  2  10  4] 4[1  3  10  5] 5[1  4  10  8  7  6] 6[1  5  7] 7[1  6  5  8] 8[1  7  5  10  9] 9[1  8  10] 10[1  9  8  5  4  3  2]
13: 1[2  3  4  5  6  7  8  9] 2[1  9  7  3] 3[1  2  7  6  10  5  4] 4[1  3  5] 5[1  4  3  10  6] 6[1  5  10  3  7] 7[1  6  3  2  9  8] 8[1  7  9] 9[1  8  7  2] 10[3  6  5]
14: 1[2  3  4  5  6  7  8  9] 2[1  9  7  3] 3[1  2  7  10  6  5  4] 4[1  3  5] 5[1  4  3  6] 6[1  5  3  10  7] 7[1  6  10  3  2  9  8] 8[1  7  9] 9[1  8  7  2] 10[3  7  6]
15: 1[2  3  4  5  6  7  8  9  10] 2[1  10  3] 3[1  2  10  5  4] 4[1  3  5] 5[1  4  3  10  8  7  6] 6[1  5  7] 7[1  6  5  8] 8[1  7  5  10  9] 9[1  8  10] 10[1  9  8  5  3  2]
16: 1[2  3  4  5  6  7  8  9  10] 2[1  10  9  3] 3[1  2  9  7  6  5  4] 4[1  3  5] 5[1  4  3  6] 6[1  5  3  7] 7[1  6  3  9  8] 8[1  7  9] 9[1  8  7  3  2  10] 10[1  9  2]
17: 1[2  3  4  5  6  7  8  9  10] 2[1  10  8  5  4  3] 3[1  2  4] 4[1  3  2  5] 5[1  4  2  8  7  6] 6[1  5  7] 7[1  6  5  8] 8[1  7  5  2  10  9] 9[1  8  10] 10[1  9  8  2]
18: 1[2  3  4  5  6  7  8  9] 2[1  9  7  4  3] 3[1  2  4] 4[1  3  2  7  6  10  5] 5[1  4  10  6] 6[1  5  10  4  7] 7[1  6  4  2  9  8] 8[1  7  9] 9[1  8  7  2] 10[4  6  5]
19: 1[2  3  4  5  6  7  8  9] 2[1  9  7  4  3] 3[1  2  4] 4[1  3  2  7  10  6  5] 5[1  4  6] 6[1  5  4  10  7] 7[1  6  10  4  2  9  8] 8[1  7  9] 9[1  8  7  2] 10[4  7  6]
20: 1[2  3  4  5  6  7  8  9] 2[1  9  8  10  5  4  3] 3[1  2  4] 4[1  3  2  5] 5[1  4  2  10  8  7  6] 6[1  5  7] 7[1  6  5  8] 8[1  7  5  10  2  9] 9[1  8  2] 10[2  8  5]
21: 1[2  3  4  5  6  7  8  9] 2[1  9  8  5  4  3] 3[1  2  4] 4[1  3  2  5] 5[1  4  2  8  10  7  6] 6[1  5  7] 7[1  6  5  10  8] 8[1  7  10  5  2  9] 9[1  8  2] 10[5  8  7]
22: 1[2  3  4  5  6  7  8  9] 2[1  9  8  5  4  3] 3[1  2  4] 4[1  3  2  5] 5[1  4  2  8  7  10  6] 6[1  5  10  7] 7[1  6  10  5  8] 8[1  7  5  2  9] 9[1  8  2] 10[5  7  6]
23: 1[2  3  4  5  6  7  8  9] 2[1  9  10  8  5  4  3] 3[1  2  4] 4[1  3  2  5] 5[1  4  2  8  7  6] 6[1  5  7] 7[1  6  5  8] 8[1  7  5  2  10  9] 9[1  8  10  2] 10[2  9  8]
24: 1[2  3  4  5  6  7  8  9] 2[1  9  10  3] 3[1  2  10  9  8  4] 4[1  3  8  5] 5[1  4  8  7  6] 6[1  5  7] 7[1  6  5  8] 8[1  7  5  4  3  9] 9[1  8  3  10  2] 10[2  9  3]
25: 1[2  3  4  5  6  7  8  9  10] 2[1  10  4  3] 3[1  2  4] 4[1  3  2  10  9  5] 5[1  4  9  6] 6[1  5  9  8  7] 7[1  6  8] 8[1  7  6  9] 9[1  8  6  5  4  10] 10[1  9  4  2]
26: 1[2  3  4  5  6  7  8  9  10] 2[1  10  9  8  4  3] 3[1  2  4] 4[1  3  2  8  5] 5[1  4  8  7  6] 6[1  5  7] 7[1  6  5  8] 8[1  7  5  4  2  9] 9[1  8  2  10] 10[1  9  2]
27: 1[2  3  4  5  6  7  8  9  10] 2[1  10  9  8  3] 3[1  2  8  4] 4[1  3  8  6  5] 5[1  4  6] 6[1  5  4  8  7] 7[1  6  8] 8[1  7  6  4  3  2  9] 9[1  8  2  10] 10[1  9  2]
28: 1[2  3  4  5  6  7  8  9] 2[1  9  8  3] 3[1  2  8  7  6  10  4] 4[1  3  10  6  5] 5[1  4  6] 6[1  5  4  10  3  7] 7[1  6  3  8] 8[1  7  3  2  9] 9[1  8  2] 10[3  6  4]
29: 1[2  3  4  5  6  7  8  9] 2[1  9  8  3] 3[1  2  8  7  10  6  4] 4[1  3  6  5] 5[1  4  6] 6[1  5  4  3  10  7] 7[1  6  10  3  8] 8[1  7  3  2  9] 9[1  8  2] 10[3  7  6]
30: 1[2  3  4  5  6  7  8  9  10] 2[1  10  6  5  4  3] 3[1  2  4] 4[1  3  2  5] 5[1  4  2  6] 6[1  5  2  10  7] 7[1  6  10  9  8] 8[1  7  9] 9[1  8  7  10] 10[1  9  7  6  2]
31: 1[2  3  4  5  6  7  8  9  10] 2[1  10  4  3] 3[1  2  4] 4[1  3  2  10  5] 5[1  4  10  9  6] 6[1  5  9  8  7] 7[1  6  8] 8[1  7  6  9] 9[1  8  6  5  10] 10[1  9  5  4  2]
32: 1[2  3  4  5  6  7  8  9] 2[1  9  10  8  3] 3[1  2  8  7  4] 4[1  3  7  6  5] 5[1  4  6] 6[1  5  4  7] 7[1  6  4  3  8] 8[1  7  3  2  10  9] 9[1  8  10  2] 10[2  9  8]
33: 1[2  3  4  5  6  7  8  9  10] 2[1  10  9  3] 3[1  2  9  7  4] 4[1  3  7  6  5] 5[1  4  6] 6[1  5  4  7] 7[1  6  4  3  9  8] 8[1  7  9] 9[1  8  7  3  2  10] 10[1  9  2]
34: 1[2  3  4  5  6  7  8  9  10] 2[1  10  9  7  6  3] 3[1  2  6  5  4] 4[1  3  5] 5[1  4  3  6] 6[1  5  3  2  7] 7[1  6  2  9  8] 8[1  7  9] 9[1  8  7  2  10] 10[1  9  2]
35: 1[2  3  4  5  6  7  8  9] 2[1  9  8  3] 3[1  2  8  7  4] 4[1  3  7  10  6  5] 5[1  4  6] 6[1  5  4  10  7] 7[1  6  10  4  3  8] 8[1  7  3  2  9] 9[1  8  2] 10[4  7  6]
36: 1[2  3  4  5  6  7  8  9] 2[1  9  8  3] 3[1  2  8  7  10  4] 4[1  3  10  7  6  5] 5[1  4  6] 6[1  5  4  7] 7[1  6  4  10  3  8] 8[1  7  3  2  9] 9[1  8  2] 10[3  7  4]
37: 1[2  3  4  5  6  7  8  9  10] 2[1  10  5  4  3] 3[1  2  4] 4[1  3  2  5] 5[1  4  2  10  9  6] 6[1  5  9  8  7] 7[1  6  8] 8[1  7  6  9] 9[1  8  6  5  10] 10[1  9  5  2]
38: 1[2  3  4  5  6  7  8  9  10] 2[1  10  4  3] 3[1  2  4] 4[1  3  2  10  9  5] 5[1  4  9  7  6] 6[1  5  7] 7[1  6  5  9  8] 8[1  7  9] 9[1  8  7  5  4  10] 10[1  9  4  2]
39: 1[2  3  4  5  6  7  8  9  10] 2[1  10  9  3] 3[1  2  9  8  5  4] 4[1  3  5] 5[1  4  3  8  6] 6[1  5  8  7] 7[1  6  8] 8[1  7  6  5  3  9] 9[1  8  3  2  10] 10[1  9  2]
40: 1[2  3  4  5  6  7  8  9] 2[1  9  7  6  3] 3[1  2  6  4] 4[1  3  6  5] 5[1  4  6] 6[1  5  4  3  2  7] 7[1  6  2  9  10  8] 8[1  7  10  9] 9[1  8  10  7  2] 10[7  9  8]
41: 1[2  3  4  5  6  7  8  9] 2[1  9  10  7  6  3] 3[1  2  6  4] 4[1  3  6  5] 5[1  4  6] 6[1  5  4  3  2  7] 7[1  6  2  10  9  8] 8[1  7  9] 9[1  8  7  10  2] 10[2  9  7]
42: 1[2  3  4  5  6  7  8  9  10] 2[1  10  7  6  3] 3[1  2  6  4] 4[1  3  6  5] 5[1  4  6] 6[1  5  4  3  2  7] 7[1  6  2  10  9  8] 8[1  7  9] 9[1  8  7  10] 10[1  9  7  2]
43: 1[2  3  4  5  6  7  8  9  10] 2[1  10  3] 3[1  2  10  4] 4[1  3  10  8  5] 5[1  4  8  6] 6[1  5  8  7] 7[1  6  8] 8[1  7  6  5  4  10  9] 9[1  8  10] 10[1  9  8  4  3  2]
44: 1[2  3  4  5  6  7  8  9] 2[1  9  10  5  4  3] 3[1  2  4] 4[1  3  2  5] 5[1  4  2  10  9  6] 6[1  5  9  7] 7[1  6  9  8] 8[1  7  9] 9[1  8  7  6  5  10  2] 10[2  9  5]
45: 1[2  3  4  5  6  7  8  9] 2[1  9  5  4  3] 3[1  2  4] 4[1  3  2  5] 5[1  4  2  9  10  6] 6[1  5  10  9  7] 7[1  6  9  8] 8[1  7  9] 9[1  8  7  6  10  5  2] 10[5  9  6]
46: 1[2  3  4  5  6  7  8  9  10] 2[1  10  5  4  3] 3[1  2  4] 4[1  3  2  5] 5[1  4  2  10  6] 6[1  5  10  7] 7[1  6  10  8] 8[1  7  10  9] 9[1  8  10] 10[1  9  8  7  6  5  2]
47: 1[2  3  4  5  6  7  8  9] 2[1  9  8  10  7  6  3] 3[1  2  6  5  4] 4[1  3  5] 5[1  4  3  6] 6[1  5  3  2  7] 7[1  6  2  10  8] 8[1  7  10  2  9] 9[1  8  2] 10[2  8  7]
48: 1[2  3  4  5  6  7  8  9] 2[1  9  10  8  7  6  3] 3[1  2  6  5  4] 4[1  3  5] 5[1  4  3  6] 6[1  5  3  2  7] 7[1  6  2  8] 8[1  7  2  10  9] 9[1  8  10  2] 10[2  9  8]
49: 1[2  3  4  5  6  7  8  9  10] 2[1  10  9  8  5  4  3] 3[1  2  4] 4[1  3  2  5] 5[1  4  2  8  7  6] 6[1  5  7] 7[1  6  5  8] 8[1  7  5  2  9] 9[1  8  2  10] 10[1  9  2]
50: 1[2  3  4  5  6  7  8  9] 2[1  9  10  3] 3[1  2  10  9  6  5  4] 4[1  3  5] 5[1  4  3  6] 6[1  5  3  9  7] 7[1  6  9  8] 8[1  7  9] 9[1  8  7  6  3  10  2] 10[2  9  3]
51: 1[2  3  4  5  6  7  8  9] 2[1  9  3] 3[1  2  9  6  5  4] 4[1  3  5] 5[1  4  3  6] 6[1  5  3  9  10  7] 7[1  6  10  9  8] 8[1  7  9] 9[1  8  7  10  6  3  2] 10[6  9  7]
52: 1[2  3  4  5  6  7  8  9] 2[1  9  3] 3[1  2  9  10  6  5  4] 4[1  3  5] 5[1  4  3  6] 6[1  5  3  10  9  7] 7[1  6  9  8] 8[1  7  9] 9[1  8  7  6  10  3  2] 10[3  9  6]
53: 1[2  3  4  5  6  7  8  9  10] 2[1  10  9  7  3] 3[1  2  7  5  4] 4[1  3  5] 5[1  4  3  7  6] 6[1  5  7] 7[1  6  5  3  2  9  8] 8[1  7  9] 9[1  8  7  2  10] 10[1  9  2]
54: 1[2  3  4  5  6  7  8  9] 2[1  9  8  10  6  5  3] 3[1  2  5  4] 4[1  3  5] 5[1  4  3  2  6] 6[1  5  2  10  8  7] 7[1  6  8] 8[1  7  6  10  2  9] 9[1  8  2] 10[2  8  6]
55: 1[2  3  4  5  6  7  8  9] 2[1  9  10  8  6  5  3] 3[1  2  5  4] 4[1  3  5] 5[1  4  3  2  6] 6[1  5  2  8  7] 7[1  6  8] 8[1  7  6  2  10  9] 9[1  8  10  2] 10[2  9  8]
56: 1[2  3  4  5  6  7  8  9] 2[1  9  8  6  5  3] 3[1  2  5  4] 4[1  3  5] 5[1  4  3  2  6] 6[1  5  2  8  10  7] 7[1  6  10  8] 8[1  7  10  6  2  9] 9[1  8  2] 10[6  8  7]
57: 1[2  3  4  5  6  7  8  9  10] 2[1  10  9  7  5  3] 3[1  2  5  4] 4[1  3  5] 5[1  4  3  2  7  6] 6[1  5  7] 7[1  6  5  2  9  8] 8[1  7  9] 9[1  8  7  2  10] 10[1  9  2]
58: 1[2  3  4  5  6  7  8  9] 2[1  9  6  4  3] 3[1  2  4] 4[1  3  2  6  5] 5[1  4  6] 6[1  5  4  2  9  10  7] 7[1  6  10  9  8] 8[1  7  9] 9[1  8  7  10  6  2] 10[6  9  7]
59: 1[2  3  4  5  6  7  8  9  10] 2[1  10  7  4  3] 3[1  2  4] 4[1  3  2  7  5] 5[1  4  7  6] 6[1  5  7] 7[1  6  5  4  2  10  8] 8[1  7  10  9] 9[1  8  10] 10[1  9  8  7  2]
60: 1[2  3  4  5  6  7  8  9] 2[1  9  8  6  10  5  3] 3[1  2  5  4] 4[1  3  5] 5[1  4  3  2  10  6] 6[1  5  10  2  8  7] 7[1  6  8] 8[1  7  6  2  9] 9[1  8  2] 10[2  6  5]
61: 1[2  3  4  5  6  7  8  9] 2[1  9  8  6  5  3] 3[1  2  5  10  4] 4[1  3  10  5] 5[1  4  10  3  2  6] 6[1  5  2  8  7] 7[1  6  8] 8[1  7  6  2  9] 9[1  8  2] 10[3  5  4]
62: 1[2  3  4  5  6  7  8] 2[1  8  9  10  7  3] 3[1  2  7  6  5  4] 4[1  3  5] 5[1  4  3  6] 6[1  5  3  7] 7[1  6  3  2  10  9  8] 8[1  7  9  2] 9[2  8  7  10] 10[2  9  7]
63: 1[2  3  4  5  6  7  8] 2[1  8  3] 3[1  2  8  4] 4[1  3  8  6  9  10  5] 5[1  4  10  6] 6[1  5  10  9  4  8  7] 7[1  6  8] 8[1  7  6  4  3  2] 9[4  6  10] 10[4  9  6  5]
64: 1[2  3  4  5  6  7] 2[1  7  8  5  4  3] 3[1  2  4] 4[1  3  2  5] 5[1  4  2  8  7  9  10  6] 6[1  5  10  7] 7[1  6  10  9  5  8  2] 8[2  7  5] 9[5  7  10] 10[5  9  7  6]
65: 1[2  3  4  5  6  7] 2[1  7  5  4  3] 3[1  2  4] 4[1  3  2  5] 5[1  4  2  7  8  9  10  6] 6[1  5  10  7] 7[1  6  10  9  8  5  2] 8[5  7  9] 9[5  8  7  10] 10[5  9  7  6]
66: 1[2  3  4  5  6  7] 2[1  7  5  4  3] 3[1  2  4] 4[1  3  2  5] 5[1  4  2  7  8  9  6] 6[1  5  9  7] 7[1  6  9  10  8  5  2] 8[5  7  10  9] 9[5  8  10  7  6] 10[7  9  8]
67: 1[2  3  4  5  6  7  8] 2[1  8  5  4  3] 3[1  2  4] 4[1  3  2  5] 5[1  4  2  8  9  10  6] 6[1  5  10  8  7] 7[1  6  8] 8[1  7  6  10  9  5  2] 9[5  8  10] 10[5  9  8  6]
68: 1[2  3  4  5  6  7  8] 2[1  8  9  6  3] 3[1  2  6  5  4] 4[1  3  5] 5[1  4  3  6] 6[1  5  3  2  9  10  8  7] 7[1  6  8] 8[1  7  6  10  9  2] 9[2  8  10  6] 10[6  9  8]
69: 1[2  3  4  5  6  7  8] 2[1  8  5  4  9  10  3] 3[1  2  10  9  4] 4[1  3  9  2  5] 5[1  4  2  8  6] 6[1  5  8  7] 7[1  6  8] 8[1  7  6  5  2] 9[2  4  3  10] 10[2  9  3]
70: 1[2  3  4  5  6  7  8] 2[1  8  6  3] 3[1  2  6  5  9  10  4] 4[1  3  10  9  5] 5[1  4  9  3  6] 6[1  5  3  2  8  7] 7[1  6  8] 8[1  7  6  2] 9[3  5  4  10] 10[3  9  4]
71: 1[2  3  4  5  6  7  8] 2[1  8  3] 3[1  2  8  4] 4[1  3  8  6  9  10  5] 5[1  4  10  9  6] 6[1  5  9  4  8  7] 7[1  6  8] 8[1  7  6  4  3  2] 9[4  6  5  10] 10[4  9  5]
72: 1[2  3  4  5  6  7  8] 2[1  8  5  4  3] 3[1  2  4] 4[1  3  2  5] 5[1  4  2  8  9  10  6] 6[1  5  10  9  8  7] 7[1  6  8] 8[1  7  6  9  5  2] 9[5  8  6  10] 10[5  9  6]
73: 1[2  3  4  5  6  7] 2[1  7  8  6  3] 3[1  2  6  5  4] 4[1  3  5] 5[1  4  3  6] 6[1  5  3  2  8  9  7] 7[1  6  9  10  8  2] 8[2  7  10  9  6] 9[6  8  10  7] 10[7  9  8]
74: 1[2  3  4  5  6  7] 2[1  7  8  9  10  6  3] 3[1  2  6  5  4] 4[1  3  5] 5[1  4  3  6] 6[1  5  3  2  10  7] 7[1  6  10  9  8  2] 8[2  7  9] 9[2  8  7  10] 10[2  9  7  6]
75: 1[2  3  4  5  6  7] 2[1  7  8  9  10  6  3] 3[1  2  6  5  4] 4[1  3  5] 5[1  4  3  6] 6[1  5  3  2  10  7] 7[1  6  10  8  2] 8[2  7  10  9] 9[2  8  10] 10[2  9  8  7  6]
76: 1[2  3  4  5  6  7] 2[1  7  8  9  6  3] 3[1  2  6  5  4] 4[1  3  5] 5[1  4  3  6] 6[1  5  3  2  9  7] 7[1  6  9  10  8  2] 8[2  7  10  9] 9[2  8  10  7  6] 10[7  9  8]
77: 1[2  3  4  5  6  7  8] 2[1  8  7  9  10  6  3] 3[1  2  6  5  4] 4[1  3  5] 5[1  4  3  6] 6[1  5  3  2  10  7] 7[1  6  10  9  2  8] 8[1  7  2] 9[2  7  10] 10[2  9  7  6]
78: 1[2  3  4  5  6  7] 2[1  7  8  9  6  10  3] 3[1  2  10  6  5  4] 4[1  3  5] 5[1  4  3  6] 6[1  5  3  10  2  9  7] 7[1  6  9  8  2] 8[2  7  9] 9[2  8  7  6] 10[2  6  3]
79: 1[2  3  4  5  6  7] 2[1  7  8  9  10  6  3] 3[1  2  6  5  4] 4[1  3  5] 5[1  4  3  6] 6[1  5  3  2  10  9  7] 7[1  6  9  8  2] 8[2  7  9] 9[2  8  7  6  10] 10[2  9  6]
80: 1[2  3  4  5  6  7] 2[1  7  8  9  6  3] 3[1  2  6  5  4] 4[1  3  5] 5[1  4  3  6] 6[1  5  3  2  9  10  7] 7[1  6  10  9  8  2] 8[2  7  9] 9[2  8  7  10  6] 10[6  9  7]
81: 1[2  3  4  5  6  7  8] 2[1  8  9  7  10  4  3] 3[1  2  4] 4[1  3  2  10  7  6  5] 5[1  4  6] 6[1  5  4  7] 7[1  6  4  10  2  9  8] 8[1  7  9  2] 9[2  8  7] 10[2  7  4]
82: 1[2  3  4  5  6  7] 2[1  7  8  5  4  3] 3[1  2  4] 4[1  3  2  5] 5[1  4  2  8  9  7  10  6] 6[1  5  10  7] 7[1  6  10  5  9  8  2] 8[2  7  9  5] 9[5  8  7] 10[5  7  6]
83: 1[2  3  4  5  6  7  8] 2[1  8  7  5  9  4  3] 3[1  2  4] 4[1  3  2  9  5] 5[1  4  9  2  7  10  6] 6[1  5  10  7] 7[1  6  10  5  2  8] 8[1  7  2] 9[2  5  4] 10[5  7  6]
84: 1[2  3  4  5  6  7  8] 2[1  8  5  9  4  3] 3[1  2  4] 4[1  3  2  9  5] 5[1  4  9  2  8  10  6] 6[1  5  10  8  7] 7[1  6  8] 8[1  7  6  10  5  2] 9[2  5  4] 10[5  8  6]
85: 1[2  3  4  5  6  7  8  9] 2[1  9  8  6  4  3] 3[1  2  4] 4[1  3  2  6  10  5] 5[1  4  10  6] 6[1  5  10  4  2  8  7] 7[1  6  8] 8[1  7  6  2  9] 9[1  8  2] 10[4  6  5]
86: 1[2  3  4  5  6  7  8  9] 2[1  9  8  6  10  4  3] 3[1  2  4] 4[1  3  2  10  6  5] 5[1  4  6] 6[1  5  4  10  2  8  7] 7[1  6  8] 8[1  7  6  2  9] 9[1  8  2] 10[2  6  4]
87: 1[2  3  4  5  6  7  8  9] 2[1  9  7  10  4  3] 3[1  2  4] 4[1  3  2  10  7  5] 5[1  4  7  6] 6[1  5  7] 7[1  6  5  4  10  2  9  8] 8[1  7  9] 9[1  8  7  2] 10[2  7  4]
88: 1[2  3  4  5  6  7  8] 2[1  8  7  3] 3[1  2  7  9  6  5  4] 4[1  3  5] 5[1  4  3  6] 6[1  5  3  9  10  7] 7[1  6  10  9  3  2  8] 8[1  7  2] 9[3  7  10  6] 10[6  9  7]
89: 1[2  3  4  5  6  7  8] 2[1  8  6  9  5  3] 3[1  2  5  4] 4[1  3  5] 5[1  4  3  2  9  10  6] 6[1  5  10  9  2  8  7] 7[1  6  8] 8[1  7  6  2] 9[2  6  10  5] 10[5  9  6]
90: 1[2  3  4  5  6  7  8  9  10] 2[1  10  7  3] 3[1  2  7  4] 4[1  3  7  6  5] 5[1  4  6] 6[1  5  4  7] 7[1  6  4  3  2  10  9  8] 8[1  7  9] 9[1  8  7  10] 10[1  9  7  2]
91: 1[2  3  4  5  6  7  8  9  10] 2[1  10  4  3] 3[1  2  4] 4[1  3  2  10  9  8  7  6  5] 5[1  4  6] 6[1  5  4  7] 7[1  6  4  8] 8[1  7  4  9] 9[1  8  4  10] 10[1  9  4  2]
92: 1[2  3  4  5  6  7  8  9  10] 2[1  10  9  8  7  6  4  3] 3[1  2  4] 4[1  3  2  6  5] 5[1  4  6] 6[1  5  4  2  7] 7[1  6  2  8] 8[1  7  2  9] 9[1  8  2  10] 10[1  9  2]
93: 1[2  3  4  5  6  7  8  9  10] 2[1  10  9  3] 3[1  2  9  5  4] 4[1  3  5] 5[1  4  3  9  6] 6[1  5  9  7] 7[1  6  9  8] 8[1  7  9] 9[1  8  7  6  5  3  2  10] 10[1  9  2]
94: 1[2  3  4  5  6  7  8  9] 2[1  9  10  3] 3[1  2  10  4] 4[1  3  10  5] 5[1  4  10  6] 6[1  5  10  7] 7[1  6  10  8] 8[1  7  10  9] 9[1  8  10  2] 10[2  9  8  7  6  5  4  3]
95: 1[2  3  4  5  6  7  8  9] 2[1  9  10  4  3] 3[1  2  4] 4[1  3  2  10  5] 5[1  4  10  6] 6[1  5  10  7] 7[1  6  10  8] 8[1  7  10  9] 9[1  8  10  2] 10[2  9  8  7  6  5  4]
96: 1[2  3  4  5  6  7  8  9] 2[1  9  10  5  4  3] 3[1  2  4] 4[1  3  2  5] 5[1  4  2  10  6] 6[1  5  10  7] 7[1  6  10  8] 8[1  7  10  9] 9[1  8  10  2] 10[2  9  8  7  6  5]
97: 1[2  3  4  5  6  7  8] 2[1  8  9  3] 3[1  2  9  8  10  4] 4[1  3  10  5] 5[1  4  10  6] 6[1  5  10  7] 7[1  6  10  8] 8[1  7  10  3  9  2] 9[2  8  3] 10[3  8  7  6  5  4]
98: 1[2  3  4  5  6  7  8  9] 2[1  9  3] 3[1  2  9  10  5  4] 4[1  3  5] 5[1  4  3  10  6] 6[1  5  10  7] 7[1  6  10  8] 8[1  7  10  9] 9[1  8  10  3  2] 10[3  9  8  7  6  5]
99: 1[2  3  4  5  6  7  8  9] 2[1  9  8  10  3] 3[1  2  10  5  4] 4[1  3  5] 5[1  4  3  10  6] 6[1  5  10  7] 7[1  6  10  8] 8[1  7  10  2  9] 9[1  8  2] 10[2  8  7  6  5  3]
100: 1[2  3  4  5  6  7  8  9] 2[1  9  10  3] 3[1  2  10  5  4] 4[1  3  5] 5[1  4  3  10  6] 6[1  5  10  7] 7[1  6  10  9  8] 8[1  7  9] 9[1  8  7  10  2] 10[2  9  7  6  5  3]
101: 1[2  3  4  5  6  7  8] 2[1  8  9  3] 3[1  2  9  4] 4[1  3  9  10  5] 5[1  4  10  9  7  6] 6[1  5  7] 7[1  6  5  9  8] 8[1  7  9  2] 9[2  8  7  5  10  4  3] 10[4  9  5]
102: 1[2  3  4  5  6  7  8] 2[1  8  9  3] 3[1  2  9  4] 4[1  3  9  5] 5[1  4  9  10  7  6] 6[1  5  7] 7[1  6  5  10  9  8] 8[1  7  9  2] 9[2  8  7  10  5  4  3] 10[5  9  7]
103: 1[2  3  4  5  6  7  8] 2[1  8  9  10  3] 3[1  2  10  4] 4[1  3  10  5] 5[1  4  10  7  6] 6[1  5  7] 7[1  6  5  10  8] 8[1  7  10  9  2] 9[2  8  10] 10[2  9  8  7  5  4  3]
104: 1[2  3  4  5  6  7  8] 2[1  8  9  10  3] 3[1  2  10  9  4] 4[1  3  9  5] 5[1  4  9  7  6] 6[1  5  7] 7[1  6  5  9  8] 8[1  7  9  2] 9[2  8  7  5  4  3  10] 10[2  9  3]
105: 1[2  3  4  5  6  7  8] 2[1  8  9  3] 3[1  2  9  4] 4[1  3  9  10  5] 5[1  4  10  6] 6[1  5  10  7] 7[1  6  10  8] 8[1  7  10  9  2] 9[2  8  10  4  3] 10[4  9  8  7  6  5]
106: 1[2  3  4  5  6  7  8  9] 2[1  9  10  6  5  4  3] 3[1  2  4] 4[1  3  2  5] 5[1  4  2  6] 6[1  5  2  10  7] 7[1  6  10  8] 8[1  7  10  9] 9[1  8  10  2] 10[2  9  8  7  6]
107: 1[2  3  4  5  6  7  8  9] 2[1  9  10  6  4  3] 3[1  2  4] 4[1  3  2  6  5] 5[1  4  6] 6[1  5  4  2  10  7] 7[1  6  10  8] 8[1  7  10  9] 9[1  8  10  2] 10[2  9  8  7  6]
108: 1[2  3  4  5  6  7  8  9] 2[1  9  8  3] 3[1  2  8  10  4] 4[1  3  10  5] 5[1  4  10  6] 6[1  5  10  8  7] 7[1  6  8] 8[1  7  6  10  3  2  9] 9[1  8  2] 10[3  8  6  5  4]
109: 1[2  3  4  5  6  7  8  9] 2[1  9  10  3] 3[1  2  10  6  5  4] 4[1  3  5] 5[1  4  3  6] 6[1  5  3  10  8  7] 7[1  6  8] 8[1  7  6  10  9] 9[1  8  10  2] 10[2  9  8  6  3]
110: 1[2  3  4  5  6  7  8] 2[1  8  9  3] 3[1  2  9  4] 4[1  3  9  5] 5[1  4  9  8  7  10  6] 6[1  5  10  7] 7[1  6  10  5  8] 8[1  7  5  9  2] 9[2  8  5  4  3] 10[5  7  6]
111: 1[2  3  4  5  6  7  8  9] 2[1  9  10  3] 3[1  2  10  4] 4[1  3  10  5] 5[1  4  10  9  8  6] 6[1  5  8  7] 7[1  6  8] 8[1  7  6  5  9] 9[1  8  5  10  2] 10[2  9  5  4  3]
112: 1[2  3  4  5  6  7  8] 2[1  8  9  3] 3[1  2  9  4] 4[1  3  9  8  10  5] 5[1  4  10  6] 6[1  5  10  7] 7[1  6  10  8] 8[1  7  10  4  9  2] 9[2  8  4  3] 10[4  8  7  6  5]
113: 1[2  3  4  5  6  7] 2[1  7  8  9  3] 3[1  2  9  8  7  10  4] 4[1  3  10  5] 5[1  4  10  6] 6[1  5  10  7] 7[1  6  10  3  8  2] 8[2  7  3  9] 9[2  8  3] 10[3  7  6  5  4]
114: 1[2  3  4  5  6  7] 2[1  7  8  3] 3[1  2  8  9  7  10  4] 4[1  3  10  5] 5[1  4  10  6] 6[1  5  10  7] 7[1  6  10  3  9  8  2] 8[2  7  9  3] 9[3  8  7] 10[3  7  6  5  4]
115: 1[2  3  4  5  6  7] 2[1  7  8  3] 3[1  2  8  7  9  10  4] 4[1  3  10  5] 5[1  4  10  6] 6[1  5  10  7] 7[1  6  10  9  3  8  2] 8[2  7  3] 9[3  7  10] 10[3  9  7  6  5  4]
116: 1[2  3  4  5  6  7] 2[1  7  8  3] 3[1  2  8  7  9  10  4] 4[1  3  10  9  5] 5[1  4  9  6] 6[1  5  9  7] 7[1  6  9  3  8  2] 8[2  7  3] 9[3  7  6  5  4  10] 10[3  9  4]
117: 1[2  3  4  5  6  7  8] 2[1  8  9  3] 3[1  2  9  8  10  5  4] 4[1  3  5] 5[1  4  3  10  6] 6[1  5  10  7] 7[1  6  10  8] 8[1  7  10  3  9  2] 9[2  8  3] 10[3  8  7  6  5]
118: 1[2  3  4  5  6  7  8] 2[1  8  9  3] 3[1  2  9  4] 4[1  3  9  5] 5[1  4  9  8  10  6] 6[1  5  10  8  7] 7[1  6  8] 8[1  7  6  10  5  9  2] 9[2  8  5  4  3] 10[5  8  6]
119: 1[2  3  4  5  6  7  8] 2[1  8  9  7  10  3] 3[1  2  10  5  4] 4[1  3  5] 5[1  4  3  10  6] 6[1  5  10  7] 7[1  6  10  2  9  8] 8[1  7  9  2] 9[2  8  7] 10[2  7  6  5  3]
120: 1[2  3  4  5  6  7  8  9] 2[1  9  8  10  3] 3[1  2  10  6  5  4] 4[1  3  5] 5[1  4  3  6] 6[1  5  3  10  7] 7[1  6  10  8] 8[1  7  10  2  9] 9[1  8  2] 10[2  8  7  6  3]
121: 1[2  3  4  5  6  7  8  9] 2[1  9  4  3] 3[1  2  4] 4[1  3  2  9  10  5] 5[1  4  10  6] 6[1  5  10  8  7] 7[1  6  8] 8[1  7  6  10  9] 9[1  8  10  4  2] 10[4  9  8  6  5]
122: 1[2  3  4  5  6  7  8  9] 2[1  9  8  10  4  3] 3[1  2  4] 4[1  3  2  10  5] 5[1  4  10  7  6] 6[1  5  7] 7[1  6  5  10  8] 8[1  7  10  2  9] 9[1  8  2] 10[2  8  7  5  4]
123: 1[2  3  4  5  6  7  8  9] 2[1  9  8  10  3] 3[1  2  10  4] 4[1  3  10  6  5] 5[1  4  6] 6[1  5  4  10  8  7] 7[1  6  8] 8[1  7  6  10  2  9] 9[1  8  2] 10[2  8  6  4  3]
124: 1[2  3  4  5  6  7] 2[1  7  8  3] 3[1  2  8  4] 4[1  3  8  9  10  5] 5[1  4  10  8  7  6] 6[1  5  7] 7[1  6  5  8  2] 8[2  7  5  10  9  4  3] 9[4  8  10] 10[4  9  8  5]
125: 1[2  3  4  5  6  7] 2[1  7  8  3] 3[1  2  8  4] 4[1  3  8  9  5] 5[1  4  9  10  8  7  6] 6[1  5  7] 7[1  6  5  8  2] 8[2  7  5  10  9  4  3] 9[4  8  10  5] 10[5  9  8]
126: 1[2  3  4  5  6  7] 2[1  7  8  3] 3[1  2  8  4] 4[1  3  8  9  5] 5[1  4  9  8  10  7  6] 6[1  5  7] 7[1  6  5  10  8  2] 8[2  7  10  5  9  4  3] 9[4  8  5] 10[5  8  7]
127: 1[2  3  4  5  6  7  8] 2[1  8  9  3] 3[1  2  9  5  4] 4[1  3  5] 5[1  4  3  9  10  6] 6[1  5  10  9  8  7] 7[1  6  8] 8[1  7  6  9  2] 9[2  8  6  10  5  3] 10[5  9  6]
128: 1[2  3  4  5  6  7] 2[1  7  8  3] 3[1  2  8  9  10  5  4] 4[1  3  5] 5[1  4  3  10  8  6] 6[1  5  8  7] 7[1  6  8  2] 8[2  7  6  5  10  9  3] 9[3  8  10] 10[3  9  8  5]
129: 1[2  3  4  5  6  7] 2[1  7  8  3] 3[1  2  8  9  10  4] 4[1  3  10  5] 5[1  4  10  9  8  6] 6[1  5  8  7] 7[1  6  8  2] 8[2  7  6  5  9  3] 9[3  8  5  10] 10[3  9  5  4]
130: 1[2  3  4  5  6  7] 2[1  7  8  3] 3[1  2  8  5  4] 4[1  3  5] 5[1  4  3  8  6] 6[1  5  8  9  7] 7[1  6  9  10  8  2] 8[2  7  10  9  6  5  3] 9[6  8  10  7] 10[7  9  8]
131: 1[2  3  4  5  6  7] 2[1  7  8  3] 3[1  2  8  5  4] 4[1  3  5] 5[1  4  3  8  6] 6[1  5  8  9  10  7] 7[1  6  10  8  2] 8[2  7  10  9  6  5  3] 9[6  8  10] 10[6  9  8  7]
132: 1[2  3  4  5  6  7] 2[1  7  8  3] 3[1  2  8  5  4] 4[1  3  5] 5[1  4  3  8  6] 6[1  5  8  9  10  7] 7[1  6  10  9  8  2] 8[2  7  9  6  5  3] 9[6  8  7  10] 10[6  9  7]
133: 1[2  3  4  5  6  7] 2[1  7  8  9  3] 3[1  2  9  5  4] 4[1  3  5] 5[1  4  3  9  6] 6[1  5  9  10  7] 7[1  6  10  9  8  2] 8[2  7  9] 9[2  8  7  10  6  5  3] 10[6  9  7]
134: 1[2  3  4  5  6  7] 2[1  7  8  9  3] 3[1  2  9  8  5  4] 4[1  3  5] 5[1  4  3  8  6] 6[1  5  8  10  7] 7[1  6  10  8  2] 8[2  7  10  6  5  3  9] 9[2  8  3] 10[6  8  7]
135: 1[2  3  4  5  6  7] 2[1  7  8  3] 3[1  2  8  9  5  4] 4[1  3  5] 5[1  4  3  9  8  6] 6[1  5  8  10  7] 7[1  6  10  8  2] 8[2  7  10  6  5  9  3] 9[3  8  5] 10[6  8  7]
136: 1[2  3  4  5  6  7] 2[1  7  8  3] 3[1  2  8  5  4] 4[1  3  5] 5[1  4  3  8  9  6] 6[1  5  9  8  10  7] 7[1  6  10  8  2] 8[2  7  10  6  9  5  3] 9[5  8  6] 10[6  8  7]
137: 1[2  3  4  5  6  7  8] 2[1  8  9  4  3] 3[1  2  4] 4[1  3  2  9  5] 5[1  4  9  10  6] 6[1  5  10  7] 7[1  6  10  8] 8[1  7  10  9  2] 9[2  8  10  5  4] 10[5  9  8  7  6]
138: 1[2  3  4  5  6  7] 2[1  7  8  9  3] 3[1  2  9  10  4] 4[1  3  10  5] 5[1  4  10  6] 6[1  5  10  9  7] 7[1  6  9  8  2] 8[2  7  9] 9[2  8  7  6  10  3] 10[3  9  6  5  4]
139: 1[2  3  4  5  6  7] 2[1  7  8  9  3] 3[1  2  9  8  10  4] 4[1  3  10  5] 5[1  4  10  6] 6[1  5  10  8  7] 7[1  6  8  2] 8[2  7  6  10  3  9] 9[2  8  3] 10[3  8  6  5  4]
140: 1[2  3  4  5  6  7  8] 2[1  8  9  4  3] 3[1  2  4] 4[1  3  2  9  10  5] 5[1  4  10  6] 6[1  5  10  7] 7[1  6  10  9  8] 8[1  7  9  2] 9[2  8  7  10  4] 10[4  9  7  6  5]
141: 1[2  3  4  5  6  7] 2[1  7  8  9  3] 3[1  2  9  4] 4[1  3  9  5] 5[1  4  9  10  8  6] 6[1  5  8  7] 7[1  6  8  2] 8[2  7  6  5  10  9] 9[2  8  10  5  4  3] 10[5  9  8]
142: 1[2  3  4  5  6  7] 2[1  7  8  9  3] 3[1  2  9  4] 4[1  3  9  10  5] 5[1  4  10  6] 6[1  5  10  8  7] 7[1  6  8  2] 8[2  7  6  10  9] 9[2  8  10  4  3] 10[4  9  8  6  5]
143: 1[2  3  4  5] 2[1  5  6  7  8  9  3] 3[1  2  9  10  4] 4[1  3  10  9  5] 5[1  4  9  6  2] 6[2  5  9  8  7] 7[2  6  8] 8[2  7  6  9] 9[2  8  6  5  4  10  3] 10[3  9  4]
144: 1[2  3  4  5] 2[1  5  6  7  8  9  10  3] 3[1  2  10  9  4] 4[1  3  9  5] 5[1  4  9  6  2] 6[2  5  9  8  7] 7[2  6  8] 8[2  7  6  9] 9[2  8  6  5  4  3  10] 10[2  9  3]
145: 1[2  3  4  5  6] 2[1  6  7  8  9  10  4  3] 3[1  2  4] 4[1  3  2  10  5] 5[1  4  10  6] 6[1  5  10  7  2] 7[2  6  10  9  8] 8[2  7  9] 9[2  8  7  10] 10[2  9  7  6  5  4]
146: 1[2  3  4  5] 2[1  5  6  3] 3[1  2  6  4] 4[1  3  6  7  8  5] 5[1  4  8  7  9  10  6  2] 6[2  5  10  7  4  3] 7[4  6  10  9  5  8] 8[4  7  5] 9[5  7  10] 10[5  9  7  6]
147: 1[2  3  4  5] 2[1  5  6  3] 3[1  2  6  4] 4[1  3  6  7  5] 5[1  4  7  8  9  10  6  2] 6[2  5  10  7  4  3] 7[4  6  10  9  8  5] 8[5  7  9] 9[5  8  7  10] 10[5  9  7  6]
148: 1[2  3  4  5] 2[1  5  6  3] 3[1  2  6  4] 4[1  3  6  7  5] 5[1  4  7  8  9  10  6  2] 6[2  5  10  9  7  4  3] 7[4  6  9  8  5] 8[5  7  9] 9[5  8  7  6  10] 10[5  9  6]
149: 1[2  3  4  5  6] 2[1  6  7  3] 3[1  2  7  4] 4[1  3  7  8  6  5] 5[1  4  6] 6[1  5  4  8  9  10  7  2] 7[2  6  10  8  4  3] 8[4  7  10  9  6] 9[6  8  10] 10[6  9  8  7]
150: 1[2  3  4  5] 2[1  5  6  7  8  9  3] 3[1  2  9  4] 4[1  3  9  10  5] 5[1  4  10  9  6  2] 6[2  5  9  8  7] 7[2  6  8] 8[2  7  6  9] 9[2  8  6  5  10  4  3] 10[4  9  5]
151: 1[2  3  4  5] 2[1  5  6  7  8  9  3] 3[1  2  9  4] 4[1  3  9  5] 5[1  4  9  10  6  2] 6[2  5  10  9  8  7] 7[2  6  8] 8[2  7  6  9] 9[2  8  6  10  5  4  3] 10[5  9  6]
152: 1[2  3  4  5] 2[1  5  6  7  8  9  3] 3[1  2  9  4] 4[1  3  9  5] 5[1  4  9  6  2] 6[2  5  9  10  8  7] 7[2  6  8] 8[2  7  6  10  9] 9[2  8  10  6  5  4  3] 10[6  9  8]
153: 1[2  3  4  5] 2[1  5  6  7  8  9  3] 3[1  2  9  4] 4[1  3  9  5] 5[1  4  9  6  2] 6[2  5  9  8  10  7] 7[2  6  10  8] 8[2  7  10  6  9] 9[2  8  6  5  4  3] 10[6  8  7]
154: 1[2  3  4  5] 2[1  5  6  7  8  9  10  3] 3[1  2  10  4] 4[1  3  10  5] 5[1  4  10  6  2] 6[2  5  10  9  7] 7[2  6  9  8] 8[2  7  9] 9[2  8  7  6  10] 10[2  9  6  5  4  3]
155: 1[2  3  4  5] 2[1  5  6  7  8  9  10  3] 3[1  2  10  4] 4[1  3  10  5] 5[1  4  10  6  2] 6[2  5  10  7] 7[2  6  10  9  8] 8[2  7  9] 9[2  8  7  10] 10[2  9  7  6  5  4  3]
156: 1[2  3  4  5] 2[1  5  6  7  8  9  10  3] 3[1  2  10  4] 4[1  3  10  5] 5[1  4  10  6  2] 6[2  5  10  7] 7[2  6  10  8] 8[2  7  10  9] 9[2  8  10] 10[2  9  8  7  6  5  4  3]
157: 1[2  3  4  5] 2[1  5  6  7  8  9  10  3] 3[1  2  10  9  4] 4[1  3  9  5] 5[1  4  9  6  2] 6[2  5  9  7] 7[2  6  9  8] 8[2  7  9] 9[2  8  7  6  5  4  3  10] 10[2  9  3]
158: 1[2  3  4  5] 2[1  5  6  7  8  9  3] 3[1  2  9  4] 4[1  3  9  5] 5[1  4  9  6  2] 6[2  5  9  10  7] 7[2  6  10  8] 8[2  7  10  9] 9[2  8  10  6  5  4  3] 10[6  9  8  7]
159: 1[2  3  4  5] 2[1  5  6  7  8  9  10  3] 3[1  2  10  8  4] 4[1  3  8  5] 5[1  4  8  6  2] 6[2  5  8  7] 7[2  6  8] 8[2  7  6  5  4  3  10  9] 9[2  8  10] 10[2  9  8  3]
160: 1[2  3  4  5] 2[1  5  6  7  8  9  3] 3[1  2  9  10  4] 4[1  3  10  5] 5[1  4  10  6  2] 6[2  5  10  7] 7[2  6  10  8] 8[2  7  10  9] 9[2  8  10  3] 10[3  9  8  7  6  5  4]
161: 1[2  3  4  5  6  7] 2[1  7  5  8  9  10  3] 3[1  2  10  4] 4[1  3  10  5] 5[1  4  10  8  2  7  6] 6[1  5  7] 7[1  6  5  2] 8[2  5  10  9] 9[2  8  10] 10[2  9  8  5  4  3]
162: 1[2  3  4  5  6] 2[1  6  7  8  4  3] 3[1  2  4] 4[1  3  2  8  9  7  10  5] 5[1  4  10  7  6] 6[1  5  7  2] 7[2  6  5  10  4  9  8] 8[2  7  9  4] 9[4  8  7] 10[4  7  5]
163: 1[2  3  4  5  6  7] 2[1  7  8  9  5  3] 3[1  2  5  4] 4[1  3  5] 5[1  4  3  2  9  10  8  6] 6[1  5  8  7] 7[1  6  8  2] 8[2  7  6  5  10  9] 9[2  8  10  5] 10[5  9  8]
164: 1[2  3  4  5  6] 2[1  6  5  7  8  9  10  3] 3[1  2  10  4] 4[1  3  10  5] 5[1  4  10  7  2  6] 6[1  5  2] 7[2  5  10  8] 8[2  7  10  9] 9[2  8  10] 10[2  9  8  7  5  4  3]
165: 1[2  3  4  5  6] 2[1  6  7  5  8  9  10  3] 3[1  2  10  4] 4[1  3  10  5] 5[1  4  10  8  2  7  6] 6[1  5  7  2] 7[2  6  5] 8[2  5  10  9] 9[2  8  10] 10[2  9  8  5  4  3]
166: 1[2  3  4  5  6] 2[1  6  5  7  8  9  3] 3[1  2  9  4] 4[1  3  9  10  5] 5[1  4  10  9  7  2  6] 6[1  5  2] 7[2  5  9  8] 8[2  7  9] 9[2  8  7  5  10  4  3] 10[4  9  5]
167: 1[2  3  4  5  6] 2[1  6  5  7  8  9  3] 3[1  2  9  4] 4[1  3  9  5] 5[1  4  9  10  7  2  6] 6[1  5  2] 7[2  5  10  9  8] 8[2  7  9] 9[2  8  7  10  5  4  3] 10[5  9  7]
168: 1[2  3  4  5] 2[1  5  6  7  8  9  10  3] 3[1  2  10  4] 4[1  3  10  5] 5[1  4  10  7  6  2] 6[2  5  7] 7[2  6  5  10  8] 8[2  7  10  9] 9[2  8  10] 10[2  9  8  7  5  4  3]
169: 1[2  3  4  5] 2[1  5  6  7  8  9  10  3] 3[1  2  10  9  4] 4[1  3  9  5] 5[1  4  9  7  6  2] 6[2  5  7] 7[2  6  5  9  8] 8[2  7  9] 9[2  8  7  5  4  3  10] 10[2  9  3]
170: 1[2  3  4  5] 2[1  5  6  7  8  9  3] 3[1  2  9  4] 4[1  3  9  5] 5[1  4  9  10  7  6  2] 6[2  5  7] 7[2  6  5  10  9  8] 8[2  7  9] 9[2  8  7  10  5  4  3] 10[5  9  7]
171: 1[2  3  4  5] 2[1  5  6  7  8  3] 3[1  2  8  4] 4[1  3  8  5] 5[1  4  8  9  10  6  2] 6[2  5  10  9  7] 7[2  6  9  8] 8[2  7  9  5  4  3] 9[5  8  7  6  10] 10[5  9  6]
172: 1[2  3  4  5] 2[1  5  6  7  8  3] 3[1  2  8  4] 4[1  3  8  5] 5[1  4  8  9  6  2] 6[2  5  9  10  7] 7[2  6  10  9  8] 8[2  7  9  5  4  3] 9[5  8  7  10  6] 10[6  9  7]
173: 1[2  3  4  5] 2[1  5  6  7  8  9  3] 3[1  2  9  4] 4[1  3  9  5] 5[1  4  9  10  7  6  2] 6[2  5  7] 7[2  6  5  10  8] 8[2  7  10  9] 9[2  8  10  5  4  3] 10[5  9  8  7]
174: 1[2  3  4  5] 2[1  5  6  7  3] 3[1  2  7  4] 4[1  3  7  8  5] 5[1  4  8  9  10  6  2] 6[2  5  10  7] 7[2  6  10  8  4  3] 8[4  7  10  9  5] 9[5  8  10] 10[5  9  8  7  6]
175: 1[2  3  4  5] 2[1  5  6  7  8  3] 3[1  2  8  4] 4[1  3  8  9  5] 5[1  4  9  10  7  6  2] 6[2  5  7] 7[2  6  5  10  8] 8[2  7  10  9  4  3] 9[4  8  10  5] 10[5  9  8  7]
176: 1[2  3  4  5  6] 2[1  6  5  7  8  3] 3[1  2  8  4] 4[1  3  8  9  5] 5[1  4  9  10  7  2  6] 6[1  5  2] 7[2  5  10  8] 8[2  7  10  9  4  3] 9[4  8  10  5] 10[5  9  8  7]
177: 1[2  3  4  5  6] 2[1  6  7  8  4  3] 3[1  2  4] 4[1  3  2  8  5] 5[1  4  8  9  6] 6[1  5  9  10  7  2] 7[2  6  10  8] 8[2  7  10  9  5  4] 9[5  8  10  6] 10[6  9  8  7]
178: 1[2  3  4  5] 2[1  5  6  3] 3[1  2  6  7  4] 4[1  3  7  8  9  5] 5[1  4  9  6  2] 6[2  5  9  10  7  3] 7[3  6  10  8  4] 8[4  7  10  9] 9[4  8  10  6  5] 10[6  9  8  7]
179: 1[2  3  4  5] 2[1  5  6  7  3] 3[1  2  7  8  4] 4[1  3  8  9  10  7  5] 5[1  4  7  6  2] 6[2  5  7] 7[2  6  5  4  10  9  8  3] 8[3  7  9  4] 9[4  8  7  10] 10[4  9  7]
180: 1[2  3  4  5] 2[1  5  6  7  8  3] 3[1  2  8  7  9  4] 4[1  3  9  10  7  5] 5[1  4  7  6  2] 6[2  5  7] 7[2  6  5  4  10  9  3  8] 8[2  7  3] 9[3  7  10  4] 10[4  9  7]
181: 1[2  3  4  5] 2[1  5  6  7  8  3] 3[1  2  8  9  4] 4[1  3  9  10  8  5] 5[1  4  8  6  2] 6[2  5  8  7] 7[2  6  8] 8[2  7  6  5  4  10  9  3] 9[3  8  10  4] 10[4  9  8]
182: 1[2  3  4  5] 2[1  5  6  7  3] 3[1  2  7  8  4] 4[1  3  8  9  7  10  5] 5[1  4  10  7  6  2] 6[2  5  7] 7[2  6  5  10  4  9  8  3] 8[3  7  9  4] 9[4  8  7] 10[4  7  5]
183: 1[2  3  4  5] 2[1  5  6  7  3] 3[1  2  7  8  9  4] 4[1  3  9  10  7  5] 5[1  4  7  6  2] 6[2  5  7] 7[2  6  5  4  10  9  8  3] 8[3  7  9] 9[3  8  7  10  4] 10[4  9  7]
184: 1[2  3  4  5] 2[1  5  6  7  3] 3[1  2  7  8  4] 4[1  3  8  9  7  5] 5[1  4  7  10  6  2] 6[2  5  10  7] 7[2  6  10  5  4  9  8  3] 8[3  7  9  4] 9[4  8  7] 10[5  7  6]
185: 1[2  3  4  5] 2[1  5  6  7  3] 3[1  2  7  8  9  10  4] 4[1  3  10  8  7  5] 5[1  4  7  6  2] 6[2  5  7] 7[2  6  5  4  8  3] 8[3  7  4  10  9] 9[3  8  10] 10[3  9  8  4]
186: 1[2  3  4  5] 2[1  5  6  7  3] 3[1  2  7  8  9  10  4] 4[1  3  10  9  8  7  5] 5[1  4  7  6  2] 6[2  5  7] 7[2  6  5  4  8  3] 8[3  7  4  9] 9[3  8  4  10] 10[3  9  4]
187: 1[2  3  4  5  6] 2[1  6  7  8  3] 3[1  2  8  9  10  5  4] 4[1  3  5] 5[1  4  3  10  9  8  6] 6[1  5  8  7  2] 7[2  6  8] 8[2  7  6  5  9  3] 9[3  8  5  10] 10[3  9  5]
188: 1[2  3  4  5  6] 2[1  6  7  8  9  3] 3[1  2  9  10  4] 4[1  3  10  9  6  5] 5[1  4  6] 6[1  5  4  9  8  7  2] 7[2  6  8] 8[2  7  6  9] 9[2  8  6  4  10  3] 10[3  9  4]
189: 1[2  3  4  5] 2[1  5  6  7  8  9  3] 3[1  2  9  8  7  4] 4[1  3  7  10  5] 5[1  4  10  7  6  2] 6[2  5  7] 7[2  6  5  10  4  3  8] 8[2  7  3  9] 9[2  8  3] 10[4  7  5]
190: 1[2  3  4  5] 2[1  5  6  7  8  9  3] 3[1  2  9  8  6  4] 4[1  3  6  10  5] 5[1  4  10  6  2] 6[2  5  10  4  3  8  7] 7[2  6  8] 8[2  7  6  3  9] 9[2  8  3] 10[4  6  5]
191: 1[2  3  4  5] 2[1  5  6  7  8  3] 3[1  2  8  7  6  4] 4[1  3  6  9  10  5] 5[1  4  10  9  6  2] 6[2  5  9  4  3  7] 7[2  6  3  8] 8[2  7  3] 9[4  6  5  10] 10[4  9  5]
192: 1[2  3  4  5] 2[1  5  6  7  8  3] 3[1  2  8  7  6  4] 4[1  3  6  9  5] 5[1  4  9  10  6  2] 6[2  5  10  9  4  3  7] 7[2  6  3  8] 8[2  7  3] 9[4  6  10  5] 10[5  9  6]
193: 1[2  3  4  5] 2[1  5  6  7  8  3] 3[1  2  8  7  9  4] 4[1  3  9  7  10  5] 5[1  4  10  7  6  2] 6[2  5  7] 7[2  6  5  10  4  9  3  8] 8[2  7  3] 9[3  7  4] 10[4  7  5]
194: 1[2  3  4  5  6] 2[1  6  7  8  3] 3[1  2  8  7  5  9  4] 4[1  3  9  5] 5[1  4  9  3  7  10  6] 6[1  5  10  7  2] 7[2  6  10  5  3  8] 8[2  7  3] 9[3  5  4] 10[5  7  6]
195: 1[2  3  4  5  6] 2[1  6  7  8  3] 3[1  2  8  7  9  5  4] 4[1  3  5] 5[1  4  3  9  7  10  6] 6[1  5  10  7  2] 7[2  6  10  5  9  3  8] 8[2  7  3] 9[3  7  5] 10[5  7  6]
196: 1[2  3  4  5  6  7] 2[1  7  8  9  4  3] 3[1  2  4] 4[1  3  2  9  10  5] 5[1  4  10  9  7  6] 6[1  5  7] 7[1  6  5  9  8  2] 8[2  7  9] 9[2  8  7  5  10  4] 10[4  9  5]
197: 1[2  3  4  5  6  7  8] 2[1  8  9  10  3] 3[1  2  10  9  4] 4[1  3  9  8  5] 5[1  4  8  7  6] 6[1  5  7] 7[1  6  5  8] 8[1  7  5  4  9  2] 9[2  8  4  3  10] 10[2  9  3]
198: 1[2  3  4  5  6  7  8] 2[1  8  4  3] 3[1  2  4] 4[1  3  2  8  7  9  5] 5[1  4  9  10  6] 6[1  5  10  9  7] 7[1  6  9  4  8] 8[1  7  4  2] 9[4  7  6  10  5] 10[5  9  6]
199: 1[2  3  4  5  6  7  8] 2[1  8  7  6  9  4  3] 3[1  2  4] 4[1  3  2  9  10  5] 5[1  4  10  9  6] 6[1  5  9  2  7] 7[1  6  2  8] 8[1  7  2] 9[2  6  5  10  4] 10[4  9  5]
200: 1[2  3  4  5  6  7  8] 2[1  8  7  6  9  3] 3[1  2  9  10  5  4] 4[1  3  5] 5[1  4  3  10  9  6] 6[1  5  9  2  7] 7[1  6  2  8] 8[1  7  2] 9[2  6  5  10  3] 10[3  9  5]
201: 1[2  3  4  5  6  7  8] 2[1  8  9  10  3] 3[1  2  10  9  5  4] 4[1  3  5] 5[1  4  3  9  8  6] 6[1  5  8  7] 7[1  6  8] 8[1  7  6  5  9  2] 9[2  8  5  3  10] 10[2  9  3]
202: 1[2  3  4  5  6  7  8] 2[1  8  9  10  3] 3[1  2  10  7  5  4] 4[1  3  5] 5[1  4  3  7  6] 6[1  5  7] 7[1  6  5  3  10  8] 8[1  7  10  9  2] 9[2  8  10] 10[2  9  8  7  3]
203: 1[2  3  4  5  6  7] 2[1  7  8  5  3] 3[1  2  5  4] 4[1  3  5] 5[1  4  3  2  8  6] 6[1  5  8  9  10  7] 7[1  6  10  8  2] 8[2  7  10  9  6  5] 9[6  8  10] 10[6  9  8  7]
204: 1[2  3  4  5  6  7] 2[1  7  8  5  3] 3[1  2  5  4] 4[1  3  5] 5[1  4  3  2  8  6] 6[1  5  8  9  7] 7[1  6  9  10  8  2] 8[2  7  10  9  6  5] 9[6  8  10  7] 10[7  9  8]
205: 1[2  3  4  5  6  7] 2[1  7  8  9  5  3] 3[1  2  5  4] 4[1  3  5] 5[1  4  3  2  9  6] 6[1  5  9  10  7] 7[1  6  10  9  8  2] 8[2  7  9] 9[2  8  7  10  6  5] 10[6  9  7]
206: 1[2  3  4  5  6] 2[1  6  5  7  8  3] 3[1  2  8  9  4] 4[1  3  9  8  5] 5[1  4  8  10  7  2  6] 6[1  5  2] 7[2  5  10  8] 8[2  7  10  5  4  9  3] 9[3  8  4] 10[5  8  7]
207: 1[2  3  4  5  6  7] 2[1  7  6  8  9  3] 3[1  2  9  10  4] 4[1  3  10  9  6  5] 5[1  4  6] 6[1  5  4  9  8  2  7] 7[1  6  2] 8[2  6  9] 9[2  8  6  4  10  3] 10[3  9  4]
208: 1[2  3  4  5  6] 2[1  6  7  8  9  4  3] 3[1  2  4] 4[1  3  2  9  8  5] 5[1  4  8  10  6] 6[1  5  10  8  7  2] 7[2  6  8] 8[2  7  6  10  5  4  9] 9[2  8  4] 10[5  8  6]
209: 1[2  3  4  5  6  7] 2[1  7  8  9  4  3] 3[1  2  4] 4[1  3  2  9  8  5] 5[1  4  8  10  7  6] 6[1  5  7] 7[1  6  5  10  8  2] 8[2  7  10  5  4  9] 9[2  8  4] 10[5  8  7]
210: 1[2  3  4  5] 2[1  5  6  7  3] 3[1  2  7  8  4] 4[1  3  8  6  5] 5[1  4  6  2] 6[2  5  4  8  9  10  7] 7[2  6  10  8  3] 8[3  7  10  9  6  4] 9[6  8  10] 10[6  9  8  7]
211: 1[2  3  4  5] 2[1  5  6  7  3] 3[1  2  7  8  4] 4[1  3  8  6  5] 5[1  4  6  2] 6[2  5  4  8  9  7] 7[2  6  9  10  8  3] 8[3  7  10  9  6  4] 9[6  8  10  7] 10[7  9  8]
212: 1[2  3  4  5] 2[1  5  6  7  8  3] 3[1  2  8  9  4] 4[1  3  9  6  5] 5[1  4  6  2] 6[2  5  4  9  10  8  7] 7[2  6  8] 8[2  7  6  10  9  3] 9[3  8  10  6  4] 10[6  9  8]
213: 1[2  3  4  5] 2[1  5  6  7  8  3] 3[1  2  8  9  4] 4[1  3  9  7  5] 5[1  4  7  6  2] 6[2  5  7] 7[2  6  5  4  9  10  8] 8[2  7  10  9  3] 9[3  8  10  7  4] 10[7  9  8]
214: 1[2  3  4  5] 2[1  5  6  7  3] 3[1  2  7  8  9  4] 4[1  3  9  8  6  5] 5[1  4  6  2] 6[2  5  4  8  10  7] 7[2  6  10  8  3] 8[3  7  10  6  4  9] 9[3  8  4] 10[6  8  7]
215: 1[2  3  4  5] 2[1  5  6  7  3] 3[1  2  7  8  9  4] 4[1  3  9  6  5] 5[1  4  6  2] 6[2  5  4  9  10  7] 7[2  6  10  9  8  3] 8[3  7  9] 9[3  8  7  10  6  4] 10[6  9  7]
216: 1[2  3  4  5  6] 2[1  6  7  8  4  3] 3[1  2  4] 4[1  3  2  8  9  5] 5[1  4  9  7  6] 6[1  5  7  2] 7[2  6  5  9  10  8] 8[2  7  10  9  4] 9[4  8  10  7  5] 10[7  9  8]
217: 1[2  3  4  5  6] 2[1  6  7  8  3] 3[1  2  8  9  4] 4[1  3  9  6  5] 5[1  4  6] 6[1  5  4  9  7  2] 7[2  6  9  10  8] 8[2  7  10  9  3] 9[3  8  10  7  6  4] 10[7  9  8]
218: 1[2  3  4  5  6] 2[1  6  7  8  9  4  3] 3[1  2  4] 4[1  3  2  9  8  10  5] 5[1  4  10  7  6] 6[1  5  7  2] 7[2  6  5  10  8] 8[2  7  10  4  9] 9[2  8  4] 10[4  8  7  5]
219: 1[2  3  4  5] 2[1  5  6  7  8  9  3] 3[1  2  9  8  10  4] 4[1  3  10  6  5] 5[1  4  6  2] 6[2  5  4  10  8  7] 7[2  6  8] 8[2  7  6  10  3  9] 9[2  8  3] 10[3  8  6  4]
220: 1[2  3  4  5] 2[1  5  6  7  8  3] 3[1  2  8  7  9  4] 4[1  3  9  6  10  5] 5[1  4  10  6  2] 6[2  5  10  4  9  7] 7[2  6  9  3  8] 8[2  7  3] 9[3  7  6  4] 10[4  6  5]
221: 1[2  3  4  5] 2[1  5  6  7  8  3] 3[1  2  8  7  9  4] 4[1  3  9  10  6  5] 5[1  4  6  2] 6[2  5  4  10  9  7] 7[2  6  9  3  8] 8[2  7  3] 9[3  7  6  10  4] 10[4  9  6]
222: 1[2  3  4  5  6] 2[1  6  7  8  9  3] 3[1  2  9  8  10  5  4] 4[1  3  5] 5[1  4  3  10  7  6] 6[1  5  7  2] 7[2  6  5  10  8] 8[2  7  10  3  9] 9[2  8  3] 10[3  8  7  5]
223: 1[2  3  4  5] 2[1  5  6  7  8  3] 3[1  2  8  4] 4[1  3  8  9  10  5] 5[1  4  10  9  7  6  2] 6[2  5  7] 7[2  6  5  9  8] 8[2  7  9  4  3] 9[4  8  7  5  10] 10[4  9  5]
224: 1[2  3  4  5] 2[1  5  6  7  3] 3[1  2  7  4] 4[1  3  7  8  9  10  5] 5[1  4  10  9  8  6  2] 6[2  5  8  7] 7[2  6  8  4  3] 8[4  7  6  5  9] 9[4  8  5  10] 10[4  9  5]
225: 1[2  3  4  5] 2[1  5  6  7  3] 3[1  2  7  4] 4[1  3  7  8  9  5] 5[1  4  9  10  8  6  2] 6[2  5  8  7] 7[2  6  8  4  3] 8[4  7  6  5  10  9] 9[4  8  10  5] 10[5  9  8]
226: 1[2  3  4  5] 2[1  5  6  7  3] 3[1  2  7  4] 4[1  3  7  8  9  10  5] 5[1  4  10  8  6  2] 6[2  5  8  7] 7[2  6  8  4  3] 8[4  7  6  5  10  9] 9[4  8  10] 10[4  9  8  5]
227: 1[2  3  4  5  6] 2[1  6  7  8  3] 3[1  2  8  4] 4[1  3  8  9  10  5] 5[1  4  10  6] 6[1  5  10  9  7  2] 7[2  6  9  8] 8[2  7  9  4  3] 9[4  8  7  6  10] 10[4  9  6  5]
228: 1[2  3  4  5] 2[1  5  6  7  8  3] 3[1  2  8  9  4] 4[1  3  9  5] 5[1  4  9  10  6  2] 6[2  5  10  7] 7[2  6  10  9  8] 8[2  7  9  3] 9[3  8  7  10  5  4] 10[5  9  7  6]
229: 1[2  3  4  5] 2[1  5  6  7  8  3] 3[1  2  8  9  4] 4[1  3  9  5] 5[1  4  9  10  6  2] 6[2  5  10  7] 7[2  6  10  8] 8[2  7  10  9  3] 9[3  8  10  5  4] 10[5  9  8  7  6]
230: 1[2  3  4  5] 2[1  5  6  7  3] 3[1  2  7  8  4] 4[1  3  8  9  5] 5[1  4  9  10  6  2] 6[2  5  10  9  8  7] 7[2  6  8  3] 8[3  7  6  9  4] 9[4  8  6  10  5] 10[5  9  6]
231: 1[2  3  4  5] 2[1  5  6  7  3] 3[1  2  7  8  4] 4[1  3  8  9  10  5] 5[1  4  10  9  6  2] 6[2  5  9  8  7] 7[2  6  8  3] 8[3  7  6  9  4] 9[4  8  6  5  10] 10[4  9  5]
232: 1[2  3  4  5] 2[1  5  6  7  8  3] 3[1  2  8  9  4] 4[1  3  9  10  5] 5[1  4  10  7  6  2] 6[2  5  7] 7[2  6  5  10  9  8] 8[2  7  9  3] 9[3  8  7  10  4] 10[4  9  7  5]
233: 1[2  3  4  5] 2[1  5  6  7  3] 3[1  2  7  8  4] 4[1  3  8  9  5] 5[1  4  9  6  2] 6[2  5  9  10  7] 7[2  6  10  8  3] 8[3  7  10  9  4] 9[4  8  10  6  5] 10[6  9  8  7]
