7467: 1[2  3  4  5] 2[1  5  6  7  8  3] 3[1  2  8  9  4] 4[1  3  9  10  11  12  5] 5[1  4  12  7  6  2] 6[2  5  7] 7[2  6  5  12  8] 8[2  7  12  9  3] 9[3  8  12  11  10  4] 10[4  9  11] 11[4  10  9  12] 12[4  11  9  8  7  5]

7469: 1[2  3  4  5  6  7] 2[1  7  8  9  5  4  3] 3[1  2  4] 4[1  3  2  5] 5[1  4  2  9  10  6] 6[1  5  10  11  12  7] 7[1  6  12  8  2] 8[2  7  12  9] 9[2  8  12  10  5] 10[5  9  12  11  6] 11[6  10  12] 12[6  11  10  9  8  7]

7468: 1[2  3  4  5  6] 2[1  6  7  8  4  9  3] 3[1  2  9  4] 4[1  3  9  2  8  10  5] 5[1  4  10  11  12  6] 6[1  5  12  7  2] 7[2  6  12  8] 8[2  7  12  10  4] 9[2  4  3] 10[4  8  12  11  5] 11[5  10  12] 12[5  11  10  8  7  6]

7470: 1[2  3  4  5  6  7] 2[1  7  4  3] 3[1  2  4] 4[1  3  2  7  8  9  5] 5[1  4  9  10  11  6] 6[1  5  11  12  7] 7[1  6  12  8  4  2] 8[4  7  12  11  9] 9[4  8  11  10  5] 10[5  9  11] 11[5  10  9  8  12  6] 12[6  11  8  7]
7471: 1[2  3  4  5  6] 2[1  6  5  7  8  9  3] 3[1  2  9  10  11  4] 4[1  3  11  12  5] 5[1  4  12  8  7  2  6] 6[1  5  2] 7[2  5  8] 8[2  7  5  12  11  9] 9[2  8  11  10  3] 10[3  9  11] 11[3  10  9  8  12  4] 12[4  11  8  5]
7472: 1[2  3  4  5  6] 2[1  6  5  7  8  3] 3[1  2  8  9  10  4] 4[1  3  10  11  5] 5[1  4  11  12  7  2  6] 6[1  5  2] 7[2  5  12  11  10  8] 8[2  7  10  9  3] 9[3  8  10] 10[3  9  8  7  11  4] 11[4  10  7  12  5] 12[5  11  7]
7473: 1[2  3  4  5  6] 2[1  6  5  7  8  3] 3[1  2  8  9  10  4] 4[1  3  10  11  12  5] 5[1  4  12  11  7  2  6] 6[1  5  2] 7[2  5  11  10  8] 8[2  7  10  9  3] 9[3  8  10] 10[3  9  8  7  11  4] 11[4  10  7  5  12] 12[4  11  5]
7474: 1[2  3  4  5  6  7] 2[1  7  8  9  4  3] 3[1  2  4] 4[1  3  2  9  10  5] 5[1  4  10  11  12  7  6] 6[1  5  7] 7[1  6  5  12  8  2] 8[2  7  12  9] 9[2  8  12  10  4] 10[4  9  12  11  5] 11[5  10  12] 12[5  11  10  9  8  7]
7475: 1[2  3  4  5  6  7] 2[1  7  6  8  9  10  3] 3[1  2  10  11  4] 4[1  3  11  12  6  5] 5[1  4  6] 6[1  5  4  12  8  2  7] 7[1  6  2] 8[2  6  12  10  9] 9[2  8  10] 10[2  9  8  12  11  3] 11[3  10  12  4] 12[4  11  10  8  6]
7476: 1[2  3  4  5] 2[1  5  6  7  8  9  3] 3[1  2  9  7  10  4] 4[1  3  10  11  12  5] 5[1  4  12  6  2] 6[2  5  12  7] 7[2  6  12  10  3  9  8] 8[2  7  9] 9[2  8  7  3] 10[3  7  12  11  4] 11[4  10  12] 12[4  11  10  7  6  5]
7477: 1[2  3  4  5] 2[1  5  6  7  8  3] 3[1  2  8  9  7  10  4] 4[1  3  10  11  12  5] 5[1  4  12  6  2] 6[2  5  12  7] 7[2  6  12  10  3  9  8] 8[2  7  9  3] 9[3  8  7] 10[3  7  12  11  4] 11[4  10  12] 12[4  11  10  7  6  5]
7478: 1[2  3  4  5] 2[1  5  6  7  8  3] 3[1  2  8  7  9  4] 4[1  3  9  10  11  5] 5[1  4  11  6  2] 6[2  5  11  12  7] 7[2  6  12  11  9  3  8] 8[2  7  3] 9[3  7  11  10  4] 10[4  9  11] 11[4  10  9  7  12  6  5] 12[6  11  7]
7479: 1[2  3  4  5] 2[1  5  6  7  8  3] 3[1  2  8  7  9  4] 4[1  3  9  10  11  5] 5[1  4  11  6  2] 6[2  5  11  7] 7[2  6  11  12  9  3  8] 8[2  7  3] 9[3  7  12  11  10  4] 10[4  9  11] 11[4  10  9  12  7  6  5] 12[7  11  9]
7480: 1[2  3  4  5] 2[1  5  6  7  8  3] 3[1  2  8  7  9  10  4] 4[1  3  10  11  12  5] 5[1  4  12  6  2] 6[2  5  12  7] 7[2  6  12  10  9  3  8] 8[2  7  3] 9[3  7  10] 10[3  9  7  12  11  4] 11[4  10  12] 12[4  11  10  7  6  5]
7481: 1[2  3  4  5  6] 2[1  6  7  8  9  3] 3[1  2  9  8  10  4] 4[1  3  10  11  12  6  5] 5[1  4  6] 6[1  5  4  12  7  2] 7[2  6  12  8] 8[2  7  12  10  3  9] 9[2  8  3] 10[3  8  12  11  4] 11[4  10  12] 12[4  11  10  8  7  6]
7482: 1[2  3  4  5] 2[1  5  6  7  8  9  3] 3[1  2  9  8  10  4] 4[1  3  10  11  12  5] 5[1  4  12  11  6  2] 6[2  5  11  8  7] 7[2  6  8] 8[2  7  6  11  10  3  9] 9[2  8  3] 10[3  8  11  4] 11[4  10  8  6  5  12] 12[4  11  5]
7483: 1[2  3  4  5] 2[1  5  6  7  8  9  3] 3[1  2  9  10  4] 4[1  3  10  11  12  5] 5[1  4  12  11  6  2] 6[2  5  11  9  7] 7[2  6  9  8] 8[2  7  9] 9[2  8  7  6  11  10  3] 10[3  9  11  4] 11[4  10  9  6  5  12] 12[4  11  5]
7484: 1[2  3  4  5] 2[1  5  6  7  8  3] 3[1  2  8  9  4] 4[1  3  9  10  11  5] 5[1  4  11  10  6  2] 6[2  5  10  8  12  7] 7[2  6  12  8] 8[2  7  12  6  10  9  3] 9[3  8  10  4] 10[4  9  8  6  5  11] 11[4  10  5] 12[6  8  7]
7485: 1[2  3  4  5  6] 2[1  6  7  8  9  4  3] 3[1  2  4] 4[1  3  2  9  10  5] 5[1  4  10  11  6] 6[1  5  11  12  7  2] 7[2  6  12  8] 8[2  7  12  9] 9[2  8  12  11  10  4] 10[4  9  11  5] 11[5  10  9  12  6] 12[6  11  9  8  7]
7486: 1[2  3  4  5] 2[1  5  6  7  8  9  3] 3[1  2  9  10  4] 4[1  3  10  11  5] 5[1  4  11  12  7  6  2] 6[2  5  7] 7[2  6  5  12  8] 8[2  7  12  9] 9[2  8  12  11  10  3] 10[3  9  11  4] 11[4  10  9  12  5] 12[5  11  9  8  7]
7487: 1[2  3  4  5] 2[1  5  6  7  8  9  3] 3[1  2  9  10  4] 4[1  3  10  11  5] 5[1  4  11  12  6  2] 6[2  5  12  7] 7[2  6  12  9  8] 8[2  7  9] 9[2  8  7  12  11  10  3] 10[3  9  11  4] 11[4  10  9  12  5] 12[5  11  9  7  6]
7488: 1[2  3  4  5  6] 2[1  6  5  7  8  9  3] 3[1  2  9  10  4] 4[1  3  10  11  5] 5[1  4  11  12  7  2  6] 6[1  5  2] 7[2  5  12  8] 8[2  7  12  9] 9[2  8  12  11  10  3] 10[3  9  11  4] 11[4  10  9  12  5] 12[5  11  9  8  7]
7489: 1[2  3  4  5] 2[1  5  6  7  8  3] 3[1  2  8  9  4] 4[1  3  9  10  11  5] 5[1  4  11  10  12  6  2] 6[2  5  12  7] 7[2  6  12  8] 8[2  7  12  10  9  3] 9[3  8  10  4] 10[4  9  8  12  5  11] 11[4  10  5] 12[5  10  8  7  6]
7490: 1[2  3  4  5] 2[1  5  6  7  8  3] 3[1  2  8  9  4] 4[1  3  9  10  5] 5[1  4  10  11  12  6  2] 6[2  5  12  7] 7[2  6  12  8] 8[2  7  12  10  9  3] 9[3  8  10  4] 10[4  9  8  12  11  5] 11[5  10  12] 12[5  11  10  8  7  6]
7491: 1[2  3  4  5] 2[1  5  6  7  8  3] 3[1  2  8  9  4] 4[1  3  9  10  5] 5[1  4  10  11  12  6  2] 6[2  5  12  11  7] 7[2  6  11  8] 8[2  7  11  10  9  3] 9[3  8  10  4] 10[4  9  8  11  5] 11[5  10  8  7  6  12] 12[5  11  6]
7492: 1[2  3  4  5  6] 2[1  6  7  8  9  3] 3[1  2  9  10  4] 4[1  3  10  11  6  5] 5[1  4  6] 6[1  5  4  11  12  7  2] 7[2  6  12  8] 8[2  7  12  9] 9[2  8  12  11  10  3] 10[3  9  11  4] 11[4  10  9  12  6] 12[6  11  9  8  7]
7493: 1[2  3  4  5  6] 2[1  6  7  8  9  3] 3[1  2  9  10  11  4] 4[1  3  11  12  6  5] 5[1  4  6] 6[1  5  4  12  7  2] 7[2  6  12  11  8] 8[2  7  11  10  9] 9[2  8  10  3] 10[3  9  8  11] 11[3  10  8  7  12  4] 12[4  11  7  6]
7494: 1[2  3  4  5] 2[1  5  6  7  8  3] 3[1  2  8  9  10  4] 4[1  3  10  11  12  5] 5[1  4  12  7  6  2] 6[2  5  7] 7[2  6  5  12  8] 8[2  7  12  9  3] 9[3  8  12  11  10] 10[3  9  11  4] 11[4  10  9  12] 12[4  11  9  8  7  5]
7495: 1[2  3  4  5] 2[1  5  6  7  8  3] 3[1  2  8  9  10  4] 4[1  3  10  11  12  5] 5[1  4  12  6  2] 6[2  5  12  8  7] 7[2  6  8] 8[2  7  6  12  9  3] 9[3  8  12  11  10] 10[3  9  11  4] 11[4  10  9  12] 12[4  11  9  8  6  5]
7496: 1[2  3  4  5] 2[1  5  6  7  3] 3[1  2  7  8  9  4] 4[1  3  9  10  11  12  5] 5[1  4  12  11  6  2] 6[2  5  11  7] 7[2  6  11  8  3] 8[3  7  11  10  9] 9[3  8  10  4] 10[4  9  8  11] 11[4  10  8  7  6  5  12] 12[4  11  5]
7497: 1[2  3  4  5] 2[1  5  6  7  3] 3[1  2  7  8  9  4] 4[1  3  9  10  11  5] 5[1  4  11  6  2] 6[2  5  11  12  7] 7[2  6  12  11  8  3] 8[3  7  11  10  9] 9[3  8  10  4] 10[4  9  8  11] 11[4  10  8  7  12  6  5] 12[6  11  7]
7498: 1[2  3  4  5] 2[1  5  6  7  3] 3[1  2  7  8  9  4] 4[1  3  9  10  11  5] 5[1  4  11  6  2] 6[2  5  11  7] 7[2  6  11  12  8  3] 8[3  7  12  11  10  9] 9[3  8  10  4] 10[4  9  8  11] 11[4  10  8  12  7  6  5] 12[7  11  8]
7499: 1[2  3  4  5] 2[1  5  6  7  3] 3[1  2  7  8  9  4] 4[1  3  9  10  11  5] 5[1  4  11  12  6  2] 6[2  5  12  11  7] 7[2  6  11  8  3] 8[3  7  11  10  9] 9[3  8  10  4] 10[4  9  8  11] 11[4  10  8  7  6  12  5] 12[5  11  6]
7500: 1[2  3  4  5] 2[1  5  6  7  3] 3[1  2  7  8  9  4] 4[1  3  9  10  11  5] 5[1  4  11  6  2] 6[2  5  11  7] 7[2  6  11  8  3] 8[3  7  11  12  10  9] 9[3  8  10  4] 10[4  9  8  12  11] 11[4  10  12  8  7  6  5] 12[8  11  10]
7501: 1[2  3  4  5] 2[1  5  6  7  3] 3[1  2  7  8  9  4] 4[1  3  9  10  11  5] 5[1  4  11  6  2] 6[2  5  11  7] 7[2  6  11  8  3] 8[3  7  11  10  12  9] 9[3  8  12  10  4] 10[4  9  12  8  11] 11[4  10  8  7  6  5] 12[8  10  9]
7502: 1[2  3  4  5] 2[1  5  6  7  3] 3[1  2  7  8  9  4] 4[1  3  9  10  11  12  5] 5[1  4  12  6  2] 6[2  5  12  7] 7[2  6  12  8  3] 8[3  7  12  11  9] 9[3  8  11  10  4] 10[4  9  11] 11[4  10  9  8  12] 12[4  11  8  7  6  5]
7503: 1[2  3  4  5] 2[1  5  6  7  8  3] 3[1  2  8  9  4] 4[1  3  9  10  5] 5[1  4  10  11  6  2] 6[2  5  11  12  7] 7[2  6  12  8] 8[2  7  12  10  9  3] 9[3  8  10  4] 10[4  9  8  12  11  5] 11[5  10  12  6] 12[6  11  10  8  7]
7504: 1[2  3  4  5] 2[1  5  6  7  3] 3[1  2  7  8  9  4] 4[1  3  9  10  11  5] 5[1  4  11  6  2] 6[2  5  11  7] 7[2  6  11  12  8  3] 8[3  7  12  10  9] 9[3  8  10  4] 10[4  9  8  12  11] 11[4  10  12  7  6  5] 12[7  11  10  8]
7505: 1[2  3  4  5  6] 2[1  6  7  8  3] 3[1  2  8  9  10  11  4] 4[1  3  11  9  12  6  5] 5[1  4  6] 6[1  5  4  12  7  2] 7[2  6  12  8] 8[2  7  12  9  3] 9[3  8  12  4  11  10] 10[3  9  11] 11[3  10  9  4] 12[4  9  8  7  6]
7506: 1[2  3  4  5  6] 2[1  6  5  7  8  9  3] 3[1  2  9  10  4] 4[1  3  10  11  5] 5[1  4  11  8  12  7  2  6] 6[1  5  2] 7[2  5  12  8] 8[2  7  12  5  11  9] 9[2  8  11  10  3] 10[3  9  11  4] 11[4  10  9  8  5] 12[5  8  7]
7507: 1[2  3  4  5] 2[1  5  6  7  8  9  3] 3[1  2  9  10  4] 4[1  3  10  11  5] 5[1  4  11  8  12  7  6  2] 6[2  5  7] 7[2  6  5  12  8] 8[2  7  12  5  11  9] 9[2  8  11  10  3] 10[3  9  11  4] 11[4  10  9  8  5] 12[5  8  7]
7508: 1[2  3  4  5] 2[1  5  6  7  8  9  3] 3[1  2  9  10  4] 4[1  3  10  11  5] 5[1  4  11  8  12  6  2] 6[2  5  12  8  7] 7[2  6  8] 8[2  7  6  12  5  11  9] 9[2  8  11  10  3] 10[3  9  11  4] 11[4  10  9  8  5] 12[5  8  6]
7509: 1[2  3  4  5  6] 2[1  6  7  8  9  3] 3[1  2  9  10  4] 4[1  3  10  11  6  5] 5[1  4  6] 6[1  5  4  11  8  12  7  2] 7[2  6  12  8] 8[2  7  12  6  11  9] 9[2  8  11  10  3] 10[3  9  11  4] 11[4  10  9  8  6] 12[6  8  7]
7510: 1[2  3  4  5] 2[1  5  6  7  8  9  10  3] 3[1  2  10  8  11  4] 4[1  3  11  12  5] 5[1  4  12  7  6  2] 6[2  5  7] 7[2  6  5  12  11  8] 8[2  7  11  3  10  9] 9[2  8  10] 10[2  9  8  3] 11[3  8  7  12  4] 12[4  11  7  5]
7511: 1[2  3  4  5] 2[1  5  6  7  8  9  10  3] 3[1  2  10  8  11  4] 4[1  3  11  12  5] 5[1  4  12  6  2] 6[2  5  12  11  8  7] 7[2  6  8] 8[2  7  6  11  3  10  9] 9[2  8  10] 10[2  9  8  3] 11[3  8  6  12  4] 12[4  11  6  5]
7512: 1[2  3  4  5] 2[1  5  6  7  8  9  3] 3[1  2  9  7  10  11  4] 4[1  3  11  10  12  5] 5[1  4  12  6  2] 6[2  5  12  10  7] 7[2  6  10  3  9  8] 8[2  7  9] 9[2  8  7  3] 10[3  7  6  12  4  11] 11[3  10  4] 12[4  10  6  5]
7513: 1[2  3  4  5] 2[1  5  6  7  8  9  3] 3[1  2  9  7  10  11  4] 4[1  3  11  12  5] 5[1  4  12  6  2] 6[2  5  12  11  7] 7[2  6  11  10  3  9  8] 8[2  7  9] 9[2  8  7  3] 10[3  7  11] 11[3  10  7  6  12  4] 12[4  11  6  5]
7514: 1[2  3  4  5] 2[1  5  6  7  8  9  3] 3[1  2  9  7  10  4] 4[1  3  10  11  5] 5[1  4  11  6  2] 6[2  5  11  10  7] 7[2  6  10  3  9  12  8] 8[2  7  12  9] 9[2  8  12  7  3] 10[3  7  6  11  4] 11[4  10  6  5] 12[7  9  8]
7515: 1[2  3  4  5] 2[1  5  6  7  8  9  10  3] 3[1  2  10  7  11  4] 4[1  3  11  12  5] 5[1  4  12  6  2] 6[2  5  12  11  7] 7[2  6  11  3  10  9  8] 8[2  7  9] 9[2  8  7  10] 10[2  9  7  3] 11[3  7  6  12  4] 12[4  11  6  5]
7516: 1[2  3  4  5] 2[1  5  6  7  8  9  10  3] 3[1  2  10  7  11  4] 4[1  3  11  12  5] 5[1  4  12  6  2] 6[2  5  12  11  7] 7[2  6  11  3  10  8] 8[2  7  10  9] 9[2  8  10] 10[2  9  8  7  3] 11[3  7  6  12  4] 12[4  11  6  5]
7517: 1[2  3  4  5] 2[1  5  6  7  8  9  10  3] 3[1  2  10  8  7  11  4] 4[1  3  11  12  5] 5[1  4  12  6  2] 6[2  5  12  11  7] 7[2  6  11  3  8] 8[2  7  3  10  9] 9[2  8  10] 10[2  9  8  3] 11[3  7  6  12  4] 12[4  11  6  5]
7518: 1[2  3  4  5] 2[1  5  6  7  8  9  10  3] 3[1  2  10  9  8  7  11  4] 4[1  3  11  12  5] 5[1  4  12  6  2] 6[2  5  12  11  7] 7[2  6  11  3  8] 8[2  7  3  9] 9[2  8  3  10] 10[2  9  3] 11[3  7  6  12  4] 12[4  11  6  5]
7519: 1[2  3  4  5  6] 2[1  6  7  8  9  10  4  3] 3[1  2  4] 4[1  3  2  10  9  8  11  5] 5[1  4  11  12  6] 6[1  5  12  7  2] 7[2  6  12  11  8] 8[2  7  11  4  9] 9[2  8  4  10] 10[2  9  4] 11[4  8  7  12  5] 12[5  11  7  6]
7520: 1[2  3  4  5] 2[1  5  6  7  8  9  3] 3[1  2  9  10  4] 4[1  3  10  11  5] 5[1  4  11  8  12  6  2] 6[2  5  12  7] 7[2  6  12  8] 8[2  7  12  5  11  9] 9[2  8  11  10  3] 10[3  9  11  4] 11[4  10  9  8  5] 12[5  8  7  6]
7521: 1[2  3  4  5  6] 2[1  6  7  8  9  10  3] 3[1  2  10  11  4] 4[1  3  11  12  5] 5[1  4  12  9  8  7  6] 6[1  5  7  2] 7[2  6  5  8] 8[2  7  5  9] 9[2  8  5  12  10] 10[2  9  12  11  3] 11[3  10  12  4] 12[4  11  10  9  5]
7522: 1[2  3  4  5] 2[1  5  6  7  8  9  10  3] 3[1  2  10  9  8  11  4] 4[1  3  11  12  5] 5[1  4  12  7  6  2] 6[2  5  7] 7[2  6  5  12  11  8] 8[2  7  11  3  9] 9[2  8  3  10] 10[2  9  3] 11[3  8  7  12  4] 12[4  11  7  5]
7523: 1[2  3  4  5  6] 2[1  6  7  8  9  10  4  3] 3[1  2  4] 4[1  3  2  10  9  11  5] 5[1  4  11  12  6] 6[1  5  12  8  7  2] 7[2  6  8] 8[2  7  6  12  11  9] 9[2  8  11  4  10] 10[2  9  4] 11[4  9  8  12  5] 12[5  11  8  6]
7524: 1[2  3  4  5] 2[1  5  6  7  8  3] 3[1  2  8  9  4] 4[1  3  9  10  11  12  5] 5[1  4  12  11  10  7  6  2] 6[2  5  7] 7[2  6  5  10  8] 8[2  7  10  9  3] 9[3  8  10  4] 10[4  9  8  7  5  11] 11[4  10  5  12] 12[4  11  5]
7525: 1[2  3  4  5] 2[1  5  6  7  8  3] 3[1  2  8  9  4] 4[1  3  9  10  11  5] 5[1  4  11  12  10  7  6  2] 6[2  5  7] 7[2  6  5  10  8] 8[2  7  10  9  3] 9[3  8  10  4] 10[4  9  8  7  5  12  11] 11[4  10  12  5] 12[5  11  10]
7526: 1[2  3  4  5] 2[1  5  6  7  8  3] 3[1  2  8  9  4] 4[1  3  9  10  11  12  5] 5[1  4  12  10  7  6  2] 6[2  5  7] 7[2  6  5  10  8] 8[2  7  10  9  3] 9[3  8  10  4] 10[4  9  8  7  5  12  11] 11[4  10  12] 12[4  11  10  5]
7527: 1[2  3  4  5] 2[1  5  6  7  8  9  3] 3[1  2  9  10  4] 4[1  3  10  11  5] 5[1  4  11  12  8  7  6  2] 6[2  5  7] 7[2  6  5  8] 8[2  7  5  12  11  9] 9[2  8  11  10  3] 10[3  9  11  4] 11[4  10  9  8  12  5] 12[5  11  8]
7528: 1[2  3  4  5] 2[1  5  6  7  8  3] 3[1  2  8  9  4] 4[1  3  9  10  11  5] 5[1  4  11  10  12  7  6  2] 6[2  5  7] 7[2  6  5  12  10  8] 8[2  7  10  9  3] 9[3  8  10  4] 10[4  9  8  7  12  5  11] 11[4  10  5] 12[5  10  7]
7529: 1[2  3  4  5] 2[1  5  6  7  8  3] 3[1  2  8  9  4] 4[1  3  9  10  5] 5[1  4  10  11  12  7  6  2] 6[2  5  7] 7[2  6  5  12  10  8] 8[2  7  10  9  3] 9[3  8  10  4] 10[4  9  8  7  12  11  5] 11[5  10  12] 12[5  11  10  7]
7530: 1[2  3  4  5] 2[1  5  6  7  8  3] 3[1  2  8  9  4] 4[1  3  9  10  5] 5[1  4  10  11  12  6  2] 6[2  5  12  7] 7[2  6  12  11  10  8] 8[2  7  10  9  3] 9[3  8  10  4] 10[4  9  8  7  11  5] 11[5  10  7  12] 12[5  11  7  6]
7531: 1[2  3  4  5] 2[1  5  6  7  8  3] 3[1  2  8  9  4] 4[1  3  9  10  5] 5[1  4  10  7  6  2] 6[2  5  7] 7[2  6  5  10  11  12  8] 8[2  7  12  11  10  9  3] 9[3  8  10  4] 10[4  9  8  11  7  5] 11[7  10  8  12] 12[7  11  8]
7532: 1[2  3  4  5] 2[1  5  6  7  8  3] 3[1  2  8  9  4] 4[1  3  9  10  5] 5[1  4  10  7  6  2] 6[2  5  7] 7[2  6  5  10  11  8] 8[2  7  11  12  10  9  3] 9[3  8  10  4] 10[4  9  8  12  11  7  5] 11[7  10  12  8] 12[8  11  10]
7533: 1[2  3  4  5] 2[1  5  6  7  8  9  3] 3[1  2  9  8  10  4] 4[1  3  10  11  5] 5[1  4  11  7  6  2] 6[2  5  7] 7[2  6  5  11  12  8] 8[2  7  12  11  10  3  9] 9[2  8  3] 10[3  8  11  4] 11[4  10  8  12  7  5] 12[7  11  8]
7534: 1[2  3  4  5] 2[1  5  6  7  8  9  3] 3[1  2  9  10  4] 4[1  3  10  11  5] 5[1  4  11  7  6  2] 6[2  5  7] 7[2  6  5  11  12  9  8] 8[2  7  9] 9[2  8  7  12  11  10  3] 10[3  9  11  4] 11[4  10  9  12  7  5] 12[7  11  9]
7535: 1[2  3  4  5  6  7] 2[1  7  8  9  10  3] 3[1  2  10  11  6  4] 4[1  3  6  5] 5[1  4  6] 6[1  5  4  3  11  12  7] 7[1  6  12  9  8  2] 8[2  7  9] 9[2  8  7  12  10] 10[2  9  12  11  3] 11[3  10  12  6] 12[6  11  10  9  7]
7536: 1[2  3  4  5  6] 2[1  6  7  5  8  9  3] 3[1  2  9  10  11  4] 4[1  3  11  10  12  5] 5[1  4  12  8  2  7  6] 6[1  5  7  2] 7[2  6  5] 8[2  5  12  9] 9[2  8  12  10  3] 10[3  9  12  4  11] 11[3  10  4] 12[4  10  9  8  5]
7537: 1[2  3  4  5  6] 2[1  6  5  7  8  9  3] 3[1  2  9  8  10  11  4] 4[1  3  11  10  12  5] 5[1  4  12  7  2  6] 6[1  5  2] 7[2  5  12  8] 8[2  7  12  10  3  9] 9[2  8  3] 10[3  8  12  4  11] 11[3  10  4] 12[4  10  8  7  5]
7538: 1[2  3  4  5  6  7] 2[1  7  6  8  9  4  3] 3[1  2  4] 4[1  3  2  9  10  11  5] 5[1  4  11  10  12  6] 6[1  5  12  8  2  7] 7[1  6  2] 8[2  6  12  9] 9[2  8  12  10  4] 10[4  9  12  5  11] 11[4  10  5] 12[5  10  9  8  6]
7539: 1[2  3  4  5  6  7] 2[1  7  8  9  10  4  3] 3[1  2  4] 4[1  3  2  10  9  11  5] 5[1  4  11  12  7  6] 6[1  5  7] 7[1  6  5  12  8  2] 8[2  7  12  11  9] 9[2  8  11  4  10] 10[2  9  4] 11[4  9  8  12  5] 12[5  11  8  7]
7540: 1[2  3  4  5  6] 2[1  6  7  8  9  3] 3[1  2  9  8  10  4] 4[1  3  10  11  6  5] 5[1  4  6] 6[1  5  4  11  7  2] 7[2  6  11  12  10  8] 8[2  7  10  3  9] 9[2  8  3] 10[3  8  7  12  11  4] 11[4  10  12  7  6] 12[7  11  10]
7541: 1[2  3  4  5  6] 2[1  6  7  8  9  3] 3[1  2  9  8  10  4] 4[1  3  10  11  6  5] 5[1  4  6] 6[1  5  4  11  7  2] 7[2  6  11  10  12  8] 8[2  7  12  10  3  9] 9[2  8  3] 10[3  8  12  7  11  4] 11[4  10  7  6] 12[7  10  8]
7542: 1[2  3  4  5  6] 2[1  6  7  8  9  10  3] 3[1  2  10  9  11  4] 4[1  3  11  12  6  5] 5[1  4  6] 6[1  5  4  12  7  2] 7[2  6  12  11  9  8] 8[2  7  9] 9[2  8  7  11  3  10] 10[2  9  3] 11[3  9  7  12  4] 12[4  11  7  6]
7543: 1[2  3  4  5  6] 2[1  6  7  8  9  10  3] 3[1  2  10  8  11  4] 4[1  3  11  12  6  5] 5[1  4  6] 6[1  5  4  12  7  2] 7[2  6  12  11  8] 8[2  7  11  3  10  9] 9[2  8  10] 10[2  9  8  3] 11[3  8  7  12  4] 12[4  11  7  6]
7544: 1[2  3  4  5  6] 2[1  6  7  8  9  10  3] 3[1  2  10  9  8  11  4] 4[1  3  11  12  6  5] 5[1  4  6] 6[1  5  4  12  7  2] 7[2  6  12  11  8] 8[2  7  11  3  9] 9[2  8  3  10] 10[2  9  3] 11[3  8  7  12  4] 12[4  11  7  6]
7545: 1[2  3  4  5] 2[1  5  6  7  8  9  3] 3[1  2  9  7  10  4] 4[1  3  10  11  12  5] 5[1  4  12  11  6  2] 6[2  5  11  10  7] 7[2  6  10  3  9  8] 8[2  7  9] 9[2  8  7  3] 10[3  7  6  11  4] 11[4  10  6  5  12] 12[4  11  5]
7546: 1[2  3  4  5] 2[1  5  6  7  8  9  3] 3[1  2  9  8  7  10  4] 4[1  3  10  11  12  5] 5[1  4  12  11  6  2] 6[2  5  11  10  7] 7[2  6  10  3  8] 8[2  7  3  9] 9[2  8  3] 10[3  7  6  11  4] 11[4  10  6  5  12] 12[4  11  5]
7547: 1[2  3  4  5  6] 2[1  6  7  8  9  4  3] 3[1  2  4] 4[1  3  2  9  8  10  5] 5[1  4  10  11  12  6] 6[1  5  12  11  7  2] 7[2  6  11  10  8] 8[2  7  10  4  9] 9[2  8  4] 10[4  8  7  11  5] 11[5  10  7  6  12] 12[5  11  6]
7548: 1[2  3  4  5  6] 2[1  6  7  8  9  3] 3[1  2  9  10  11  4] 4[1  3  11  10  12  6  5] 5[1  4  6] 6[1  5  4  12  8  7  2] 7[2  6  8] 8[2  7  6  12  9] 9[2  8  12  10  3] 10[3  9  12  4  11] 11[3  10  4] 12[4  10  9  8  6]
7549: 1[2  3  4  5] 2[1  5  6  7  8  9  3] 3[1  2  9  8  10  4] 4[1  3  10  11  12  5] 5[1  4  12  11  7  6  2] 6[2  5  7] 7[2  6  5  11  10  8] 8[2  7  10  3  9] 9[2  8  3] 10[3  8  7  11  4] 11[4  10  7  5  12] 12[4  11  5]
7550: 1[2  3  4  5] 2[1  5  6  7  8  9  3] 3[1  2  9  8  10  4] 4[1  3  10  11  12  5] 5[1  4  12  11  6  2] 6[2  5  11  10  8  7] 7[2  6  8] 8[2  7  6  10  3  9] 9[2  8  3] 10[3  8  6  11  4] 11[4  10  6  5  12] 12[4  11  5]
7551: 1[2  3  4  5  6] 2[1  6  7  8  3] 3[1  2  8  9  4] 4[1  3  9  10  11  12  5] 5[1  4  12  11  6] 6[1  5  11  10  7  2] 7[2  6  10  9  8] 8[2  7  9  3] 9[3  8  7  10  4] 10[4  9  7  6  11] 11[4  10  6  5  12] 12[4  11  5]
7552: 1[2  3  4  5  6  7] 2[1  7  8  9  3] 3[1  2  9  10  4] 4[1  3  10  11  12  5] 5[1  4  12  7  6] 6[1  5  7] 7[1  6  5  12  11  8  2] 8[2  7  11  10  9] 9[2  8  10  3] 10[3  9  8  11  4] 11[4  10  8  7  12] 12[4  11  7  5]
7553: 1[2  3  4  5  6  7] 2[1  7  8  9  10  3] 3[1  2  10  11  4] 4[1  3  11  12  6  5] 5[1  4  6] 6[1  5  4  12  9  8  7] 7[1  6  8  2] 8[2  7  6  9] 9[2  8  6  12  10] 10[2  9  12  11  3] 11[3  10  12  4] 12[4  11  10  9  6]
7554: 1[2  3  4  5  6] 2[1  6  7  8  9  10  3] 3[1  2  10  4] 4[1  3  10  9  11  5] 5[1  4  11  12  6] 6[1  5  12  8  7  2] 7[2  6  8] 8[2  7  6  12  11  9] 9[2  8  11  4  10] 10[2  9  4  3] 11[4  9  8  12  5] 12[5  11  8  6]
7555: 1[2  3  4  5  6  7] 2[1  7  8  9  10  3] 3[1  2  10  4] 4[1  3  10  9  11  5] 5[1  4  11  12  7  6] 6[1  5  7] 7[1  6  5  12  8  2] 8[2  7  12  11  9] 9[2  8  11  4  10] 10[2  9  4  3] 11[4  9  8  12  5] 12[5  11  8  7]
7556: 1[2  3  4  5  6] 2[1  6  7  8  9  3] 3[1  2  9  8  10  4] 4[1  3  10  11  12  5] 5[1  4  12  6] 6[1  5  12  11  7  2] 7[2  6  11  10  8] 8[2  7  10  3  9] 9[2  8  3] 10[3  8  7  11  4] 11[4  10  7  6  12] 12[4  11  6  5]
7557: 1[2  3  4  5  6] 2[1  6  7  8  3] 3[1  2  8  9  10  4] 4[1  3  10  11  12  5] 5[1  4  12  6] 6[1  5  12  11  7  2] 7[2  6  11  10  8] 8[2  7  10  9  3] 9[3  8  10] 10[3  9  8  7  11  4] 11[4  10  7  6  12] 12[4  11  6  5]
7558: 1[2  3  4  5] 2[1  5  6  7  8  3] 3[1  2  8  9  10  7  11  4] 4[1  3  11  12  5] 5[1  4  12  6  2] 6[2  5  12  7] 7[2  6  12  11  3  10  8] 8[2  7  10  9  3] 9[3  8  10] 10[3  9  8  7] 11[3  7  12  4] 12[4  11  7  6  5]
7559: 1[2  3  4  5] 2[1  5  6  7  8  3] 3[1  2  8  9  10  7  11  4] 4[1  3  11  12  5] 5[1  4  12  6  2] 6[2  5  12  7] 7[2  6  12  11  3  10  9  8] 8[2  7  9  3] 9[3  8  7  10] 10[3  9  7] 11[3  7  12  4] 12[4  11  7  6  5]
7560: 1[2  3  4  5] 2[1  5  6  7  8  3] 3[1  2  8  9  7  10  11  4] 4[1  3  11  12  5] 5[1  4  12  6  2] 6[2  5  12  7] 7[2  6  12  11  10  3  9  8] 8[2  7  9  3] 9[3  8  7] 10[3  7  11] 11[3  10  7  12  4] 12[4  11  7  6  5]
7561: 1[2  3  4  5  6] 2[1  6  7  8  9  4  3] 3[1  2  4] 4[1  3  2  9  10  8  11  5] 5[1  4  11  12  6] 6[1  5  12  7  2] 7[2  6  12  8] 8[2  7  12  11  4  10  9] 9[2  8  10  4] 10[4  9  8] 11[4  8  12  5] 12[5  11  8  7  6]
7562: 1[2  3  4  5] 2[1  5  6  7  8  9  10  3] 3[1  2  10  11  4] 4[1  3  11  12  5] 5[1  4  12  9  7  6  2] 6[2  5  7] 7[2  6  5  9  8] 8[2  7  9] 9[2  8  7  5  12  11  10] 10[2  9  11  3] 11[3  10  9  12  4] 12[4  11  9  5]
7563: 1[2  3  4  5] 2[1  5  6  7  8  9  3] 3[1  2  9  10  4] 4[1  3  10  11  5] 5[1  4  11  8  12  6  2] 6[2  5  12  7] 7[2  6  12  8] 8[2  7  12  5  11  10  9] 9[2  8  10  3] 10[3  9  8  11  4] 11[4  10  8  5] 12[5  8  7  6]
7564: 1[2  3  4  5] 2[1  5  6  7  8  3] 3[1  2  8  9  10  4] 4[1  3  10  11  9  12  5] 5[1  4  12  7  6  2] 6[2  5  7] 7[2  6  5  12  9  8] 8[2  7  9  3] 9[3  8  7  12  4  11  10] 10[3  9  11  4] 11[4  10  9] 12[4  9  7  5]
7565: 1[2  3  4  5] 2[1  5  6  7  8  3] 3[1  2  8  9  10  4] 4[1  3  10  9  11  5] 5[1  4  11  7  6  2] 6[2  5  7] 7[2  6  5  11  9  12  8] 8[2  7  12  9  3] 9[3  8  12  7  11  4  10] 10[3  9  4] 11[4  9  7  5] 12[7  9  8]
7566: 1[2  3  4  5] 2[1  5  6  7  8  3] 3[1  2  8  9  4] 4[1  3  9  10  5] 5[1  4  10  11  6  2] 6[2  5  11  12  7] 7[2  6  12  11  10  9  8] 8[2  7  9  3] 9[3  8  7  10  4] 10[4  9  7  11  5] 11[5  10  7  12  6] 12[6  11  7]
7567: 1[2  3  4  5] 2[1  5  6  7  8  3] 3[1  2  8  9  4] 4[1  3  9  10  5] 5[1  4  10  11  12  6  2] 6[2  5  12  7] 7[2  6  12  10  9  8] 8[2  7  9  3] 9[3  8  7  10  4] 10[4  9  7  12  11  5] 11[5  10  12] 12[5  11  10  7  6]
7568: 1[2  3  4  5] 2[1  5  6  7  8  3] 3[1  2  8  9  4] 4[1  3  9  10  5] 5[1  4  10  11  6  2] 6[2  5  11  7] 7[2  6  11  10  12  9  8] 8[2  7  9  3] 9[3  8  7  12  10  4] 10[4  9  12  7  11  5] 11[5  10  7  6] 12[7  10  9]
7569: 1[2  3  4  5] 2[1  5  6  7  8  3] 3[1  2  8  9  4] 4[1  3  9  10  5] 5[1  4  10  11  6  2] 6[2  5  11  7] 7[2  6  11  10  9  12  8] 8[2  7  12  9  3] 9[3  8  12  7  10  4] 10[4  9  7  11  5] 11[5  10  7  6] 12[7  9  8]
7570: 1[2  3  4  5] 2[1  5  6  7  8  9  3] 3[1  2  9  10  4] 4[1  3  10  11  5] 5[1  4  11  12  6  2] 6[2  5  12  7] 7[2  6  12  11  10  9  8] 8[2  7  9] 9[2  8  7  10  3] 10[3  9  7  11  4] 11[4  10  7  12  5] 12[5  11  7  6]
7571: 1[2  3  4  5] 2[1  5  6  7  8  9  3] 3[1  2  9  10  4] 4[1  3  10  11  5] 5[1  4  11  12  6  2] 6[2  5  12  8  7] 7[2  6  8] 8[2  7  6  12  11  10  9] 9[2  8  10  3] 10[3  9  8  11  4] 11[4  10  8  12  5] 12[5  11  8  6]
7572: 1[2  3  4  5] 2[1  5  6  7  8  3] 3[1  2  8  9  4] 4[1  3  9  10  11  5] 5[1  4  11  12  6  2] 6[2  5  12  7] 7[2  6  12  11  9  8] 8[2  7  9  3] 9[3  8  7  11  10  4] 10[4  9  11] 11[4  10  9  7  12  5] 12[5  11  7  6]
7573: 1[2  3  4  5] 2[1  5  6  7  8  3] 3[1  2  8  9  10  4] 4[1  3  10  9  11  5] 5[1  4  11  12  6  2] 6[2  5  12  7] 7[2  6  12  11  9  8] 8[2  7  9  3] 9[3  8  7  11  4  10] 10[3  9  4] 11[4  9  7  12  5] 12[5  11  7  6]
7574: 1[2  3  4  5] 2[1  5  6  7  8  3] 3[1  2  8  9  10  4] 4[1  3  10  11  5] 5[1  4  11  12  6  2] 6[2  5  12  7] 7[2  6  12  11  10  8] 8[2  7  10  9  3] 9[3  8  10] 10[3  9  8  7  11  4] 11[4  10  7  12  5] 12[5  11  7  6]
7575: 1[2  3  4  5] 2[1  5  6  7  8  9  3] 3[1  2  9  8  10  4] 4[1  3  10  11  5] 5[1  4  11  12  6  2] 6[2  5  12  7] 7[2  6  12  11  10  8] 8[2  7  10  3  9] 9[2  8  3] 10[3  8  7  11  4] 11[4  10  7  12  5] 12[5  11  7  6]
7576: 1[2  3  4  5] 2[1  5  6  7  3] 3[1  2  7  8  4] 4[1  3  8  9  5] 5[1  4  9  6  2] 6[2  5  9  10  7] 7[2  6  10  8  3] 8[3  7  10  11  12  9  4] 9[4  8  12  10  6  5] 10[6  9  12  11  8  7] 11[8  10  12] 12[8  11  10  9]
7577: 1[2  3  4  5] 2[1  5  6  7  3] 3[1  2  7  8  4] 4[1  3  8  9  5] 5[1  4  9  6  2] 6[2  5  9  10  7] 7[2  6  10  8  3] 8[3  7  10  11  12  9  4] 9[4  8  12  11  10  6  5] 10[6  9  11  8  7] 11[8  10  9  12] 12[8  11  9]
7578: 1[2  3  4  5] 2[1  5  6  7  3] 3[1  2  7  8  4] 4[1  3  8  9  10  5] 5[1  4  10  6  2] 6[2  5  10  11  7] 7[2  6  11  8  3] 8[3  7  11  12  10  9  4] 9[4  8  10] 10[4  9  8  12  11  6  5] 11[6  10  12  8  7] 12[8  11  10]
7579: 1[2  3  4  5] 2[1  5  6  7  3] 3[1  2  7  8  9  4] 4[1  3  9  8  10  5] 5[1  4  10  6  2] 6[2  5  10  11  7] 7[2  6  11  8  3] 8[3  7  11  12  10  4  9] 9[3  8  4] 10[4  8  12  11  6  5] 11[6  10  12  8  7] 12[8  11  10]
7580: 1[2  3  4  5] 2[1  5  6  7  3] 3[1  2  7  8  9  4] 4[1  3  9  10  5] 5[1  4  10  6  2] 6[2  5  10  11  7] 7[2  6  11  9  8  3] 8[3  7  9] 9[3  8  7  11  12  10  4] 10[4  9  12  11  6  5] 11[6  10  12  9  7] 12[9  11  10]
7581: 1[2  3  4  5] 2[1  5  6  7  3] 3[1  2  7  8  4] 4[1  3  8  9  5] 5[1  4  9  6  2] 6[2  5  9  10  7] 7[2  6  10  11  8  3] 8[3  7  11  10  12  9  4] 9[4  8  12  10  6  5] 10[6  9  12  8  11  7] 11[7  10  8] 12[8  10  9]
7582: 1[2  3  4  5] 2[1  5  6  7  3] 3[1  2  7  8  4] 4[1  3  8  9  5] 5[1  4  9  6  2] 6[2  5  9  10  11  7] 7[2  6  11  10  8  3] 8[3  7  10  12  9  4] 9[4  8  12  10  6  5] 10[6  9  12  8  7  11] 11[6  10  7] 12[8  10  9]
7583: 1[2  3  4  5  6] 2[1  6  7  8  3] 3[1  2  8  9  4] 4[1  3  9  10  6  5] 5[1  4  6] 6[1  5  4  10  7  2] 7[2  6  10  11  8] 8[2  7  11  9  3] 9[3  8  11  12  10  4] 10[4  9  12  11  7  6] 11[7  10  12  9  8] 12[9  11  10]
7584: 1[2  3  4  5  6] 2[1  6  7  8  3] 3[1  2  8  9  5  4] 4[1  3  5] 5[1  4  3  9  10  6] 6[1  5  10  7  2] 7[2  6  10  11  12  8] 8[2  7  12  9  3] 9[3  8  12  10  5] 10[5  9  12  11  7  6] 11[7  10  12] 12[7  11  10  9  8]
7585: 1[2  3  4  5] 2[1  5  6  7  8  3] 3[1  2  8  9  4] 4[1  3  9  10  5] 5[1  4  10  7  6  2] 6[2  5  7] 7[2  6  5  10  11  8] 8[2  7  11  12  9  3] 9[3  8  12  11  10  4] 10[4  9  11  7  5] 11[7  10  9  12  8] 12[8  11  9]
7586: 1[2  3  4  5] 2[1  5  6  7  3] 3[1  2  7  8  4] 4[1  3  8  9  5] 5[1  4  9  10  6  2] 6[2  5  10  9  11  7] 7[2  6  11  12  8  3] 8[3  7  12  11  9  4] 9[4  8  11  6  10  5] 10[5  9  6] 11[6  9  8  12  7] 12[7  11  8]
7587: 1[2  3  4  5] 2[1  5  6  7  3] 3[1  2  7  8  4] 4[1  3  8  9  5] 5[1  4  9  6  2] 6[2  5  9  10  11  7] 7[2  6  11  12  8  3] 8[3  7  12  10  9  4] 9[4  8  10  6  5] 10[6  9  8  12  11] 11[6  10  12  7] 12[7  11  10  8]
7588: 1[2  3  4  5] 2[1  5  6  7  3] 3[1  2  7  8  4] 4[1  3  8  9  10  11  5] 5[1  4  11  6  2] 6[2  5  11  12  7] 7[2  6  12  8  3] 8[3  7  12  11  9  4] 9[4  8  11  10] 10[4  9  11] 11[4  10  9  8  12  6  5] 12[6  11  8  7]
7589: 1[2  3  4  5] 2[1  5  6  7  3] 3[1  2  7  8  4] 4[1  3  8  9  10  5] 5[1  4  10  6  2] 6[2  5  10  11  7] 7[2  6  11  8  3] 8[3  7  11  10  12  9  4] 9[4  8  12  10] 10[4  9  12  8  11  6  5] 11[6  10  8  7] 12[8  10  9]
7590: 1[2  3  4  5] 2[1  5  6  7  3] 3[1  2  7  8  4] 4[1  3  8  9  10  5] 5[1  4  10  11  6  2] 6[2  5  11  10  12  7] 7[2  6  12  8  3] 8[3  7  12  10  9  4] 9[4  8  10] 10[4  9  8  12  6  11  5] 11[5  10  6] 12[6  10  8  7]
7591: 1[2  3  4  5] 2[1  5  6  7  3] 3[1  2  7  8  4] 4[1  3  8  9  10  11  5] 5[1  4  11  10  6  2] 6[2  5  10  12  7] 7[2  6  12  8  3] 8[3  7  12  10  9  4] 9[4  8  10] 10[4  9  8  12  6  5  11] 11[4  10  5] 12[6  10  8  7]
7592: 1[2  3  4  5] 2[1  5  6  7  8  3] 3[1  2  8  9  4] 4[1  3  9  10  11  5] 5[1  4  11  6  2] 6[2  5  11  12  8  7] 7[2  6  8] 8[2  7  6  12  9  3] 9[3  8  12  11  10  4] 10[4  9  11] 11[4  10  9  12  6  5] 12[6  11  9  8]
7593: 1[2  3  4  5] 2[1  5  6  7  8  3] 3[1  2  8  9  4] 4[1  3  9  10  11  5] 5[1  4  11  7  6  2] 6[2  5  7] 7[2  6  5  11  12  8] 8[2  7  12  9  3] 9[3  8  12  11  10  4] 10[4  9  11] 11[4  10  9  12  7  5] 12[7  11  9  8]
7594: 1[2  3  4  5] 2[1  5  6  7  3] 3[1  2  7  8  4] 4[1  3  8  9  10  5] 5[1  4  10  6  2] 6[2  5  10  11  7] 7[2  6  11  8  3] 8[3  7  11  12  9  4] 9[4  8  12  10] 10[4  9  12  11  6  5] 11[6  10  12  8  7] 12[8  11  10  9]
7595: 1[2  3  4  5] 2[1  5  6  7  3] 3[1  2  7  8  4] 4[1  3  8  9  10  5] 5[1  4  10  11  6  2] 6[2  5  11  12  7] 7[2  6  12  8  3] 8[3  7  12  11  9  4] 9[4  8  11  10] 10[4  9  11  5] 11[5  10  9  8  12  6] 12[6  11  8  7]


