1: 1[2  3  4  5  6  7  8] 2[1  8  7  3] 3[1  2  7  6  5  4] 4[1  3  5] 5[1  4  3  6] 6[1  5  3  7] 7[1  6  3  2  8] 8[1  7  2]
2: 1[2  3  4  5  6  7  8] 2[1  8  4  3] 3[1  2  4] 4[1  3  2  8  5] 5[1  4  8  7  6] 6[1  5  7] 7[1  6  5  8] 8[1  7  5  4  2]
3: 1[2  3  4  5  6  7] 2[1  7  8  6  3] 3[1  2  6  5  4] 4[1  3  5] 5[1  4  3  6] 6[1  5  3  2  8  7] 7[1  6  8  2] 8[2  7  6]
4: 1[2  3  4  5  6  7  8] 2[1  8  7  3] 3[1  2  7  5  4] 4[1  3  5] 5[1  4  3  7  6] 6[1  5  7] 7[1  6  5  3  2  8] 8[1  7  2]
5: 1[2  3  4  5  6  7] 2[1  7  6  3] 3[1  2  6  8  5  4] 4[1  3  5] 5[1  4  3  8  6] 6[1  5  8  3  2  7] 7[1  6  2] 8[3  6  5]
6: 1[2  3  4  5  6  7  8] 2[1  8  5  3] 3[1  2  5  4] 4[1  3  5] 5[1  4  3  2  8  7  6] 6[1  5  7] 7[1  6  5  8] 8[1  7  5  2]
7: 1[2  3  4  5  6  7] 2[1  7  8  3] 3[1  2  8  4] 4[1  3  8  5] 5[1  4  8  6] 6[1  5  8  7] 7[1  6  8  2] 8[2  7  6  5  4  3]
8: 1[2  3  4  5  6  7] 2[1  7  6  8  4  3] 3[1  2  4] 4[1  3  2  8  6  5] 5[1  4  6] 6[1  5  4  8  2  7] 7[1  6  2] 8[2  6  4]
9: 1[2  3  4  5  6  7] 2[1  7  8  4  3] 3[1  2  4] 4[1  3  2  8  5] 5[1  4  8  6] 6[1  5  8  7] 7[1  6  8  2] 8[2  7  6  5  4]
10: 1[2  3  4  5] 2[1  5  6  7  8  3] 3[1  2  8  4] 4[1  3  8  5] 5[1  4  8  6  2] 6[2  5  8  7] 7[2  6  8] 8[2  7  6  5  4  3]
11: 1[2  3  4  5] 2[1  5  6  7  3] 3[1  2  7  4] 4[1  3  7  8  5] 5[1  4  8  7  6  2] 6[2  5  7] 7[2  6  5  8  4  3] 8[4  7  5]
12: 1[2  3  4  5] 2[1  5  6  7  3] 3[1  2  7  8  4] 4[1  3  8  7  5] 5[1  4  7  6  2] 6[2  5  7] 7[2  6  5  4  8  3] 8[3  7  4]
13: 1[2  3  4  5  6] 2[1  6  7  8  3] 3[1  2  8  5  4] 4[1  3  5] 5[1  4  3  8  6] 6[1  5  8  7  2] 7[2  6  8] 8[2  7  6  5  3]
14: 1[2  3  4  5] 2[1  5  6  7  3] 3[1  2  7  8  4] 4[1  3  8  6  5] 5[1  4  6  2] 6[2  5  4  8  7] 7[2  6  8  3] 8[3  7  6  4]
