1: 1[2  3  4  5  6  7  8  9] 2[1  9  8  4  3] 3[1  2  4] 4[1  3  2  8  7  6  5] 5[1  4  6] 6[1  5  4  7] 7[1  6  4  8] 8[1  7  4  2  9] 9[1  8  2]
2: 1[2  3  4  5  6  7  8  9] 2[1  9  8  3] 3[1  2  8  7  6  5  4] 4[1  3  5] 5[1  4  3  6] 6[1  5  3  7] 7[1  6  3  8] 8[1  7  3  2  9] 9[1  8  2]
3: 1[2  3  4  5  6  7  8  9] 2[1  9  6  5  4  3] 3[1  2  4] 4[1  3  2  5] 5[1  4  2  6] 6[1  5  2  9  8  7] 7[1  6  8] 8[1  7  6  9] 9[1  8  6  2]
4: 1[2  3  4  5  6  7  8  9] 2[1  9  3] 3[1  2  9  4] 4[1  3  9  7  6  5] 5[1  4  6] 6[1  5  4  7] 7[1  6  4  9  8] 8[1  7  9] 9[1  8  7  4  3  2]
5: 1[2  3  4  5  6  7  8] 2[1  8  5  4  3] 3[1  2  4] 4[1  3  2  5] 5[1  4  2  8  7  9  6] 6[1  5  9  7] 7[1  6  9  5  8] 8[1  7  5  2] 9[5  7  6]
6: 1[2  3  4  5  6  7  8  9] 2[1  9  5  4  3] 3[1  2  4] 4[1  3  2  5] 5[1  4  2  9  8  6] 6[1  5  8  7] 7[1  6  8] 8[1  7  6  5  9] 9[1  8  5  2]
7: 1[2  3  4  5  6  7  8  9] 2[1  9  5  4  3] 3[1  2  4] 4[1  3  2  5] 5[1  4  2  9  6] 6[1  5  9  8  7] 7[1  6  8] 8[1  7  6  9] 9[1  8  6  5  2]
8: 1[2  3  4  5  6  7  8  9] 2[1  9  4  3] 3[1  2  4] 4[1  3  2  9  8  5] 5[1  4  8  7  6] 6[1  5  7] 7[1  6  5  8] 8[1  7  5  4  9] 9[1  8  4  2]
9: 1[2  3  4  5  6  7  8  9] 2[1  9  8  7  4  3] 3[1  2  4] 4[1  3  2  7  6  5] 5[1  4  6] 6[1  5  4  7] 7[1  6  4  2  8] 8[1  7  2  9] 9[1  8  2]
10: 1[2  3  4  5  6  7  8  9] 2[1  9  8  7  3] 3[1  2  7  5  4] 4[1  3  5] 5[1  4  3  7  6] 6[1  5  7] 7[1  6  5  3  2  8] 8[1  7  2  9] 9[1  8  2]
11: 1[2  3  4  5  6  7] 2[1  7  8  9  6  3] 3[1  2  6  5  4] 4[1  3  5] 5[1  4  3  6] 6[1  5  3  2  9  8  7] 7[1  6  8  2] 8[2  7  6  9] 9[2  8  6]
12: 1[2  3  4  5  6  7] 2[1  7  8  6  3] 3[1  2  6  5  4] 4[1  3  5] 5[1  4  3  6] 6[1  5  3  2  8  9  7] 7[1  6  9  8  2] 8[2  7  9  6] 9[6  8  7]
13: 1[2  3  4  5  6  7] 2[1  7  8  9  6  3] 3[1  2  6  5  4] 4[1  3  5] 5[1  4  3  6] 6[1  5  3  2  9  7] 7[1  6  9  8  2] 8[2  7  9] 9[2  8  7  6]
14: 1[2  3  4  5  6  7] 2[1  7  8  6  9  3] 3[1  2  9  6  5  4] 4[1  3  5] 5[1  4  3  6] 6[1  5  3  9  2  8  7] 7[1  6  8  2] 8[2  7  6] 9[2  6  3]
15: 1[2  3  4  5  6  7] 2[1  7  8  6  3] 3[1  2  6  9  5  4] 4[1  3  5] 5[1  4  3  9  6] 6[1  5  9  3  2  8  7] 7[1  6  8  2] 8[2  7  6] 9[3  6  5]
16: 1[2  3  4  5  6  7  8] 2[1  8  9  7  3] 3[1  2  7  5  4] 4[1  3  5] 5[1  4  3  7  6] 6[1  5  7] 7[1  6  5  3  2  9  8] 8[1  7  9  2] 9[2  8  7]
17: 1[2  3  4  5  6  7  8  9] 2[1  9  8  6  4  3] 3[1  2  4] 4[1  3  2  6  5] 5[1  4  6] 6[1  5  4  2  8  7] 7[1  6  8] 8[1  7  6  2  9] 9[1  8  2]
18: 1[2  3  4  5  6  7  8  9] 2[1  9  7  4  3] 3[1  2  4] 4[1  3  2  7  5] 5[1  4  7  6] 6[1  5  7] 7[1  6  5  4  2  9  8] 8[1  7  9] 9[1  8  7  2]
19: 1[2  3  4  5  6  7] 2[1  7  6  3] 3[1  2  6  8  5  4] 4[1  3  5] 5[1  4  3  8  9  6] 6[1  5  9  8  3  2  7] 7[1  6  2] 8[3  6  9  5] 9[5  8  6]
20: 1[2  3  4  5  6  7] 2[1  7  6  3] 3[1  2  6  8  9  5  4] 4[1  3  5] 5[1  4  3  9  6] 6[1  5  9  8  3  2  7] 7[1  6  2] 8[3  6  9] 9[3  8  6  5]
21: 1[2  3  4  5  6  7] 2[1  7  6  8  3] 3[1  2  8  6  9  5  4] 4[1  3  5] 5[1  4  3  9  6] 6[1  5  9  3  8  2  7] 7[1  6  2] 8[2  6  3] 9[3  6  5]
22: 1[2  3  4  5  6  7  8] 2[1  8  6  3] 3[1  2  6  9  5  4] 4[1  3  5] 5[1  4  3  9  6] 6[1  5  9  3  2  8  7] 7[1  6  8] 8[1  7  6  2] 9[3  6  5]
23: 1[2  3  4  5  6  7  8] 2[1  8  3] 3[1  2  8  4] 4[1  3  8  9  6  5] 5[1  4  6] 6[1  5  4  9  8  7] 7[1  6  8] 8[1  7  6  9  4  3  2] 9[4  8  6]
24: 1[2  3  4  5  6  7  8  9] 2[1  9  6  3] 3[1  2  6  4] 4[1  3  6  5] 5[1  4  6] 6[1  5  4  3  2  9  8  7] 7[1  6  8] 8[1  7  6  9] 9[1  8  6  2]
25: 1[2  3  4  5  6  7  8] 2[1  8  9  3] 3[1  2  9  4] 4[1  3  9  5] 5[1  4  9  6] 6[1  5  9  7] 7[1  6  9  8] 8[1  7  9  2] 9[2  8  7  6  5  4  3]
26: 1[2  3  4  5  6  7  8] 2[1  8  9  4  3] 3[1  2  4] 4[1  3  2  9  5] 5[1  4  9  6] 6[1  5  9  7] 7[1  6  9  8] 8[1  7  9  2] 9[2  8  7  6  5  4]
27: 1[2  3  4  5  6  7  8] 2[1  8  9  5  4  3] 3[1  2  4] 4[1  3  2  5] 5[1  4  2  9  6] 6[1  5  9  7] 7[1  6  9  8] 8[1  7  9  2] 9[2  8  7  6  5]
28: 1[2  3  4  5  6  7] 2[1  7  8  3] 3[1  2  8  7  9  4] 4[1  3  9  5] 5[1  4  9  6] 6[1  5  9  7] 7[1  6  9  3  8  2] 8[2  7  3] 9[3  7  6  5  4]
29: 1[2  3  4  5  6  7  8] 2[1  8  3] 3[1  2  8  9  5  4] 4[1  3  5] 5[1  4  3  9  6] 6[1  5  9  7] 7[1  6  9  8] 8[1  7  9  3  2] 9[3  8  7  6  5]
30: 1[2  3  4  5  6  7  8] 2[1  8  7  9  3] 3[1  2  9  5  4] 4[1  3  5] 5[1  4  3  9  6] 6[1  5  9  7] 7[1  6  9  2  8] 8[1  7  2] 9[2  7  6  5  3]
31: 1[2  3  4  5  6  7] 2[1  7  8  3] 3[1  2  8  4] 4[1  3  8  9  5] 5[1  4  9  8  7  6] 6[1  5  7] 7[1  6  5  8  2] 8[2  7  5  9  4  3] 9[4  8  5]
32: 1[2  3  4  5  6  7] 2[1  7  8  3] 3[1  2  8  4] 4[1  3  8  5] 5[1  4  8  9  7  6] 6[1  5  7] 7[1  6  5  9  8  2] 8[2  7  9  5  4  3] 9[5  8  7]
33: 1[2  3  4  5  6  7] 2[1  7  8  9  3] 3[1  2  9  8  4] 4[1  3  8  5] 5[1  4  8  7  6] 6[1  5  7] 7[1  6  5  8  2] 8[2  7  5  4  3  9] 9[2  8  3]
34: 1[2  3  4  5  6  7] 2[1  7  8  3] 3[1  2  8  4] 4[1  3  8  9  5] 5[1  4  9  6] 6[1  5  9  7] 7[1  6  9  8  2] 8[2  7  9  4  3] 9[4  8  7  6  5]
35: 1[2  3  4  5] 2[1  5  6  7  8  9  3] 3[1  2  9  4] 4[1  3  9  5] 5[1  4  9  6  2] 6[2  5  9  8  7] 7[2  6  8] 8[2  7  6  9] 9[2  8  6  5  4  3]
36: 1[2  3  4  5] 2[1  5  6  7  8  9  3] 3[1  2  9  4] 4[1  3  9  5] 5[1  4  9  6  2] 6[2  5  9  7] 7[2  6  9  8] 8[2  7  9] 9[2  8  7  6  5  4  3]
37: 1[2  3  4  5] 2[1  5  6  7  8  9  3] 3[1  2  9  8  4] 4[1  3  8  5] 5[1  4  8  6  2] 6[2  5  8  7] 7[2  6  8] 8[2  7  6  5  4  3  9] 9[2  8  3]
38: 1[2  3  4  5  6] 2[1  6  5  7  8  9  3] 3[1  2  9  4] 4[1  3  9  5] 5[1  4  9  7  2  6] 6[1  5  2] 7[2  5  9  8] 8[2  7  9] 9[2  8  7  5  4  3]
39: 1[2  3  4  5] 2[1  5  6  7  8  9  3] 3[1  2  9  4] 4[1  3  9  5] 5[1  4  9  7  6  2] 6[2  5  7] 7[2  6  5  9  8] 8[2  7  9] 9[2  8  7  5  4  3]
40: 1[2  3  4  5] 2[1  5  6  7  8  3] 3[1  2  8  4] 4[1  3  8  5] 5[1  4  8  9  6  2] 6[2  5  9  7] 7[2  6  9  8] 8[2  7  9  5  4  3] 9[5  8  7  6]
41: 1[2  3  4  5] 2[1  5  6  7  3] 3[1  2  7  4] 4[1  3  7  8  5] 5[1  4  8  9  6  2] 6[2  5  9  7] 7[2  6  9  8  4  3] 8[4  7  9  5] 9[5  8  7  6]
42: 1[2  3  4  5] 2[1  5  6  7  3] 3[1  2  7  8  4] 4[1  3  8  9  7  5] 5[1  4  7  6  2] 6[2  5  7] 7[2  6  5  4  9  8  3] 8[3  7  9  4] 9[4  8  7]
43: 1[2  3  4  5] 2[1  5  6  7  3] 3[1  2  7  8  9  4] 4[1  3  9  8  7  5] 5[1  4  7  6  2] 6[2  5  7] 7[2  6  5  4  8  3] 8[3  7  4  9] 9[3  8  4]
44: 1[2  3  4  5] 2[1  5  6  7  8  3] 3[1  2  8  7  9  4] 4[1  3  9  7  5] 5[1  4  7  6  2] 6[2  5  7] 7[2  6  5  4  9  3  8] 8[2  7  3] 9[3  7  4]
45: 1[2  3  4  5  6] 2[1  6  7  8  3] 3[1  2  8  9  4] 4[1  3  9  8  6  5] 5[1  4  6] 6[1  5  4  8  7  2] 7[2  6  8] 8[2  7  6  4  9  3] 9[3  8  4]
46: 1[2  3  4  5  6  7] 2[1  7  8  9  3] 3[1  2  9  8  4] 4[1  3  8  7  5] 5[1  4  7  6] 6[1  5  7] 7[1  6  5  4  8  2] 8[2  7  4  3  9] 9[2  8  3]
47: 1[2  3  4  5  6] 2[1  6  5  7  8  3] 3[1  2  8  9  4] 4[1  3  9  8  5] 5[1  4  8  7  2  6] 6[1  5  2] 7[2  5  8] 8[2  7  5  4  9  3] 9[3  8  4]
48: 1[2  3  4  5] 2[1  5  6  7  3] 3[1  2  7  8  4] 4[1  3  8  6  5] 5[1  4  6  2] 6[2  5  4  8  9  7] 7[2  6  9  8  3] 8[3  7  9  6  4] 9[6  8  7]
49: 1[2  3  4  5] 2[1  5  6  7  8  3] 3[1  2  8  7  9  4] 4[1  3  9  6  5] 5[1  4  6  2] 6[2  5  4  9  7] 7[2  6  9  3  8] 8[2  7  3] 9[3  7  6  4]
50: 1[2  3  4  5] 2[1  5  6  7  3] 3[1  2  7  8  4] 4[1  3  8  9  5] 5[1  4  9  6  2] 6[2  5  9  7] 7[2  6  9  8  3] 8[3  7  9  4] 9[4  8  7  6  5]
